0.037508 299
0.136586 35
0.000984 49
0.000743 163
0.001208 300
0.000152 7
0.000521 6
0.000250 8
19.734499 1
0.005249 20
0.000387 43
0.051906 30
1.035389 48
0.003902 52
0.282506 3
0.004815 12
0.142847 10
0.004328 14
0.147584 17
0.004083 11
0.000314 16
0.127534 29
0.003718 18
0.793170 27
0.263460 1
0.556034 1
1.583853 1
0.104255 7
0.000175 8
0.003208 6
0.000016 115
0.000353 3
0.000487 25
0.002825 104
0.000199 22
0.003723 27
0.020603 302
0.000114 7
0.000456 8
1.255662 1
0.005427 20
1.007651 30
0.003345 27
0.271503 25
0.005201 42
1.443190 30
0.003174 31
0.868701 1
0.004173 11
0.063479 16
0.258787 26
2.717766 7
0.500294 19
0.032519 19
0.036521 19
0.030990 8
0.036312 1
0.030743 43
0.002765 27
0.032904 40
0.025296 12
1.495214 1
0.003582 20
0.080322 30
0.007662 27
0.276158 25
0.009835 42
0.538351 43
0.003243 27
0.769495 25
0.003638 42
1.208033 30
0.008947 31
0.214506 1
0.004672 11
0.059440 16
0.210789 26
0.484257 7
0.005597 7
0.003744 8
0.000298 6
0.000056 133
0.000261 3
0.001007 21
0.001322 29
0.000755 104
0.000185 22
0.003627 27
0.021478 306
0.000673 7
0.000029 8
1.458247 1
0.006935 97
0.056880 281
0.003397 27
0.000308 34
0.119025 25
0.005762 42
0.226273 30
0.008131 70
0.039733 31
0.003382 33
1.104732 6
0.005943 20
0.145969 30
0.676030 30
0.003986 38
0.563947 18
0.004927 19
0.167045 6
0.240163 6
0.083846 6
0.308123 6
0.088031 6
1.259997 6
0.132031 6
0.071843 6
0.461431 27
0.083740 1
0.264398 1
1.204626 7
0.000240 8
0.005265 6
0.000114 149
0.000301 3
0.000693 33
0.009865 26
0.792832 1
0.227543 1
0.300306 1
0.215737 1
0.300209 1
0.683943 1
0.264158 1
0.663960 1
0.535815 26
0.109538 29
0.015126 64
0.008259 64
0.049292 66
0.147410 103
0.001080 37
0.217001 157
0.000156 984
0.000060 689
0.000138 218
0.000408 78
0.000497 326
0.000319 86
0.002482 54
0.000047 39
0.001030 57
0.039640 66
0.001582 69
0.006607 66
0.002984 128
0.000025 7
1.089514 2
0.008799 22
0.500141 47
0.500613 72
0.066679 180
0.500555 43
0.500514 43
0.500825 43
0.500379 43
0.400842 57
0.091662 172
0.500584 46
0.500418 46
0.500539 46
0.082453 206
0.000044 40
0.251247 66
0.011418 190
0.500488 88
0.500576 89
0.500694 89
0.500171 89
0.500568 89
0.500901 89
0.500494 89
0.500404 89
0.500381 89
0.500248 89
0.500384 89
0.500622 89
0.500512 89
0.500473 89
0.500759 89
0.500129 89
0.500462 89
0.500537 89
0.503833 89
0.500580 89
0.500852 89
0.500593 89
0.500524 89
0.500504 89
0.500464 89
0.500482 89
0.500295 89
0.500679 89
0.500038 89
0.500476 89
0.500060 89
0.500793 89
0.500280 89
0.500412 89
0.500329 89
0.500508 89
0.500493 89
0.500760 89
0.500479 89
0.500524 89
0.500471 89
0.500184 89
0.500621 89
0.500344 89
0.500395 89
0.500861 89
0.500489 89
0.500552 89
0.500397 89
0.500698 89
0.500491 89
0.500401 89
0.500436 89
0.504363 89
0.500525 89
0.508024 89
0.500337 89
0.500523 89
0.500319 89
0.500598 89
0.500476 89
0.500411 89
0.500369 89
0.500780 89
0.500215 89
0.500117 89
0.500006 89
0.154262 367
0.520685 89
0.501274 89
0.500473 89
0.500801 89
0.500550 89
0.500504 89
0.500470 89
0.500621 89
0.500566 89
0.500562 89
0.503790 89
0.500451 89
0.500444 89
0.500737 89
0.500750 89
0.210827 205
0.442807 16
0.037645 23
0.013566 233
0.023345 52
0.001972 26
0.012033 26
0.009939 26
0.059386 26
0.016424 26
0.008829 26
0.079045 26
0.011568 26
0.001441 101
0.015180 181
0.012394 109
0.006065 77
0.049081 109
0.072724 72
0.007097 109
0.007579 79
0.115510 109
0.071349 67
0.013495 109
0.003479 72
0.041377 109
0.035107 54
0.037223 73
0.000402 109
0.025820 118
0.028964 110
0.007669 51
2.215574 109
0.038340 46
0.043223 67
0.000246 109
0.004694 43
0.058841 109
0.069348 44
0.005888 109
0.003271 109
0.007236 51
0.008086 109
0.008459 109
0.004219 52
0.003177 109
0.021646 109
0.006523 44
0.004944 109
0.035349 88
0.004987 94
0.004829 92
0.004389 88
0.016175 92
0.011289 90
0.005949 98
0.003006 109
0.003277 49
0.006949 109
0.033838 109
0.003993 56
0.106704 63
0.023558 57
0.111649 61
0.008112 55
0.007267 53
1.017780 20
0.078945 104
0.000207 22
0.003744 27
0.020333 398
0.000158 7
0.000507 8
5.930523 1
0.006162 20
0.000540 44
0.163471 30
0.003264 27
0.260871 25
0.576398 35
0.000079 1
1.154735 18
0.001616 19
0.000303 18
0.262772 6
0.003890 11
0.064257 21
0.450978 12
0.003823 23
0.374854 7
0.000187 8
0.003145 6
0.000179 125
0.000285 3
0.000488 21
0.024585 80
0.000477 51
0.003035 65
0.003393 1969
0.001853 115
0.000792 1991
8.551192 104
2.117692 129
0.000495 156
0.000527 188
0.003536 193
0.000463 125
0.000277 103
0.007294 133
0.000507 125
0.001358 161
0.001725 132
0.000499 128
0.000283 63
0.002491 169
0.000493 179
0.000346 118
0.002285 120
0.000356 136
0.000418 133
0.000571 303
2.514879 29
0.680416 29
0.711758 29
0.880153 40
1.951437 118
0.195862 38
0.180061 38
0.176287 38
9.585425 40
0.102301 51
4.691852 47
1.228981 1
0.323042 1
0.824244 27
0.003806 19
0.000414 70
0.002215 104
0.000431 22
0.004231 27
0.024237 398
0.000088 7
0.003082 8
12.731279 1
0.003524 12
0.005072 28
0.115278 32
0.268553 25
0.871445 18
0.003322 19
0.508839 1
0.004211 11
0.087316 16
0.388278 16
0.004103 21
0.507716 3
0.003955 17
0.355905 26
0.542956 7
0.004595 7
0.000254 8
0.003020 6
0.000119 125
0.000183 3
0.000549 21
0.118424 104
0.000260 22
0.008849 27
0.022527 302
0.000144 7
0.000790 8
2.501971 1
0.006355 20
0.000014 38
0.089239 51
0.259462 60
0.005794 414
0.711758 32
0.498500 32
0.030421 32
0.032105 32
0.032532 32
0.030122 32
0.031707 32
0.030567 32
0.029840 32
0.032940 32
0.033314 32
0.032932 32
0.031933 32
0.032242 32
0.030809 32
0.030654 32
0.029824 32
0.032005 32
0.032903 32
0.031493 32
0.041598 32
0.031271 32
0.034887 32
0.030397 32
0.030880 32
0.035194 32
0.043443 32
0.030408 32
0.034986 32
0.033032 32
0.032002 32
0.004561 140
0.027397 34
0.031755 34
0.004346 82
0.026425 19
0.034498 19
0.030305 19
0.032166 19
0.032247 25
0.031403 19
0.046949 8
0.676390 1
0.003321 12
0.236757 18
0.005620 32
0.471253 24
0.000108 3
0.000043 365
0.000064 1
0.001053 32
0.608473 39
0.000182 3
0.000100 379
2.131398 3
0.000046 88
0.000045 68
0.004828 23
0.843101 7
0.003411 7
0.000252 8
0.002876 6
0.000124 115
0.000279 3
0.000521 24
0.002188 140
0.000466 104
0.000236 22
0.004026 27
0.029373 302
0.000139 7
0.000607 8
2.760996 1
0.005910 20
0.000393 68
0.426076 227
0.003151 27
0.000322 14
0.086413 25
0.004386 42
0.408196 30
0.002980 49
0.626409 7
0.000128 8
0.002479 6
0.000118 112
0.000253 3
0.000578 18
