0.011157 299
0.147089 6
0.000174 29
0.001921 49
0.000233 168
0.001341 300
0.000121 7
0.000395 6
0.000111 8
0.881134 1
0.004932 12
0.000509 36
0.084288 18
0.491963 25
0.003851 26
0.199980 6
0.145455 27
0.636555 1
0.095439 1
0.220205 1
0.216403 1
0.304216 7
0.000163 8
0.003898 6
0.000011 114
0.000267 3
0.000526 33
0.002745 1679
0.000009 60
0.000181 1837
0.000019 3054
0.000178 1322
0.000479 109
0.000197 22
0.003398 27
0.024781 317
8.682485 1
0.004829 12
0.000273 34
0.049355 18
0.584316 49
0.002585 7
0.000131 8
0.004129 119
0.000072 26
0.003290 226
0.000698 109
0.000251 22
0.004065 27
0.021142 302
0.000082 7
0.000503 8
14.556287 1
0.007040 58
0.024167 51
0.002112 27
0.000225 43
1.609179 25
0.003011 26
0.246002 167
0.003941 11
0.000300 22
0.369407 7
0.000172 214
0.000128 1
0.002319 11
0.914354 96
0.000216 3
0.000070 217
0.387425 3
0.000074 181
0.004404 69
0.000152 3
0.000096 192
1.244975 14
0.726370 23
0.003587 7
0.000129 8
0.002791 6
0.000205 129
0.000024 3
0.000478 24
0.000432 109
0.000110 42
0.003304 37
0.024941 365
0.000133 7
0.000614 8
5.980994 1
0.005606 20
0.000295 46
0.189631 95
0.144297 41
0.003644 38
0.969018 7
0.000146 8
0.002322 6
0.000057 111
0.000231 3
0.000456 16
0.000127 22
0.000242 109
0.000098 42
0.004861 37
0.022569 380
3.933031 1
0.005676 63
0.253712 82
0.692360 41
0.123368 30
0.268124 30
1.556403 32
0.040102 30
0.003170 60
0.276289 18
0.003153 19
1.281414 1
0.215493 1
0.208052 1
0.147474 1
5.057036 7
0.000166 8
0.003063 6
0.000108 118
0.000213 3
0.000421 25
0.003646 109
0.000255 42
0.004067 37
0.024414 365
0.000100 7
0.000588 8
1.710725 1
0.003205 12
0.104461 18
1.116757 25
0.005205 42
0.153928 30
0.203488 64
1.020783 15
0.004383 21
0.212045 31
1.030279 23
0.004434 7
0.000140 8
0.003086 6
0.000055 127
0.000251 3
0.001417 25
0.002872 109
0.000247 42
0.005960 37
0.026797 365
0.000158 7
0.000774 8
17.918955 1
0.005370 20
0.070989 30
0.248067 41
0.588588 30
0.079092 30
0.003920 60
0.780217 18
0.003255 19
0.348560 1
0.259962 1
0.340456 1
0.808020 1
1.236537 7
0.000237 8
0.003706 6
0.000268 118
0.000127 3
0.000676 25
0.002935 109
0.000219 42
0.003745 37
0.023556 380
0.796048 1
0.005821 20
0.000345 46
0.125933 95
0.003053 27
0.164623 14
0.000175 3
0.000020 358
0.000088 1
0.001029 19
2.634713 25
0.003144 26
0.206192 22
1.325395 28
2.381302 7
0.052704 16
0.005192 35
1.123682 7
0.000148 8
0.004486 6
0.000099 130
0.000336 3
0.000746 25
0.003410 109
0.000209 42
0.003430 37
0.025074 365
0.000087 7
0.000694 8
29.635596 1
0.005400 20
0.000318 43
0.062085 82
0.003406 27
0.833426 25
0.003414 26
0.768504 1
0.004230 11
0.078862 16
0.168201 16
0.116040 16
0.552305 16
0.928854 16
0.003684 18
0.871775 1
0.005157 11
0.349635 7
0.000147 3
0.000058 1014
0.000063 1
0.001059 11
3.719678 8
0.632208 1
0.005120 11
0.468132 7
0.000164 6
0.000195 750
0.000024 1
0.001452 11
1.468798 16
0.072386 14
0.000247 6
0.000075 394
0.000034 81
0.000085 1
0.001625 17
0.786520 35
0.000259 3
0.000058 506
2.132635 3
0.000060 215
0.005300 69
0.000155 3
0.000065 228
2.391536 38
0.000136 8
0.000246 230
0.920077 14
2.074987 23
0.005340 7
0.000222 8
0.003962 6
0.000050 146
0.000261 3
0.000588 32
0.003410 109
0.000146 42
0.003402 37
0.024043 365
0.000484 7
0.000247 8
6.419148 1
0.003315 12
0.000311 35
0.082581 18
0.570499 74
0.002940 26
0.631644 22
1.002957 7
0.004339 7
0.000181 8
0.003446 6
0.000164 124
0.000219 3
0.000580 19
0.003050 109
0.000179 42
0.004985 37
0.017908 365
0.000439 7
0.000557 8
2.762355 1
0.005749 20
0.003491 42
0.122085 65
0.224329 41
0.543744 30
0.120052 30
0.083769 30
0.371981 30
0.003948 82
1.232511 7
0.000184 8
0.002716 6
0.000034 115
0.000247 3
0.000573 28
0.000276 1544
0.000243 109
0.000140 42
0.004744 37
0.021414 338
0.000177 27
0.000049 7
0.000518 8
2.192443 1
0.005638 20
0.000310 36
0.504403 30
0.002622 27
0.140993 25
0.005547 42
0.379231 30
0.002932 49
11.070174 7
0.000133 8
0.001949 6
0.000025 106
0.000006 6
0.000222 3
0.000453 18
