0.014119 299
0.173412 6
0.000229 29
0.001847 49
0.000239 193
0.001839 302
0.000183 7
0.000887 6
0.000159 8
1.674781 1
0.006271 20
0.000364 77
0.184053 281
0.006468 16
0.075893 41
0.604160 30
0.099786 30
0.003028 60
1.023130 7
0.000168 8
0.002740 3
0.000690 20
0.003292 11
0.000485 134
0.000234 22
0.003344 27
0.027984 317
1.080905 1
0.006325 20
0.000355 77
0.064676 281
0.003628 27
0.000330 70
0.118961 40
0.005794 42
0.362304 30
0.003539 70
0.084248 31
0.003141 33
0.655088 280
0.005483 12
0.000376 12
0.268419 18
0.006618 14
1.490778 7
0.000172 8
0.003676 5
0.000500 17
0.009690 26
0.767556 1
0.115632 1
0.240023 1
0.192328 1
0.143546 1
0.123926 1
0.180577 1
0.252155 1
1.540019 26
0.101004 38
1.538963 1
0.039830 1
1.301315 1
1.691150 1
1.107750 1
0.211733 3
1.835976 1
0.107993 1
0.172104 9
1.908125 11
0.000156 66
1.008099 1
0.415626 1
0.763963 1
0.132155 1
0.276113 1
3.020036 1
0.387845 1
0.224201 1
1.823607 1
0.059852 1
0.372215 1
0.365862 1
0.206400 1
0.091425 1
0.500323 1
0.071943 1
0.160151 1
0.619803 1
0.552313 4
0.459843 1
1.944217 11
0.002921 66
1.660819 1
0.036136 1
0.343861 1
0.243968 1
1.588231 1
3.140119 1
1.827789 1
0.300357 11
1.319468 1
0.191890 1
0.308233 1
0.263917 1
1.656341 1
12.606921 1
0.181041 3
0.383162 3
0.720489 1
0.120210 1
0.055969 1
0.960106 11
0.002329 66
1.177727 1
0.039728 1
0.908278 1
0.159703 1
10.212029 4
0.396090 1
0.051701 1
0.752254 4
0.107960 4
0.855984 1
0.340340 1
0.051873 1
0.952122 1
0.187824 1
0.772158 1
0.107501 1
0.656201 1
1.355830 1
0.416454 1
0.463855 4
0.568266 1
0.131661 1
2.192145 1
0.328134 1
0.249129 3
1.530688 1
0.075846 1
0.140284 9
2.368849 1
0.123353 11
0.828242 10
1.155375 11
0.007275 66
7.108940 1
0.435700 1
0.460195 1
2.744268 1
0.083148 1
0.436297 1
0.108030 1
2.064214 1
0.107842 1
0.392200 1
1.532163 1
0.215674 1
0.884173 1
0.407763 1
0.336266 1
0.243811 1
0.159838 1
0.236186 1
0.168668 1
0.367299 1
0.192098 1
2.012230 1
1.003945 1
0.095456 1
1.472245 1
0.823767 1
0.826170 1
1.210063 1
0.159959 1
0.141861 2
3.710204 1
0.040132 1
0.200988 9
4.382973 1
0.100865 11
2.518828 1
0.249282 1
0.628630 1
0.778528 1
0.493101 1
0.347447 1
0.139052 1
2.116125 1
0.199834 1
3.580076 4
0.160105 4
0.148051 4
0.151914 4
0.084073 4
0.696258 1
0.403915 1
0.143564 1
1.195605 1
0.143305 1
0.232374 1
0.809330 11
0.059767 7
0.186797 3
0.172093 3
0.189861 3
1.131534 1
0.051370 1
0.532345 4
0.136219 4
0.067373 1
0.796689 1
0.427808 1
0.095592 1
0.071986 1
2.076302 11
0.002527 66
11.933347 1
0.083750 1
0.164056 1
0.840301 1
0.091871 1
0.839937 6
0.620120 1
0.592050 11
0.032651 100
15.631399 1
0.568376 4
0.755505 1
0.056057 1
0.107994 1
0.868282 1
0.079380 1
0.696389 1
0.507478 11
2.644329 1
0.232143 1
0.784197 4
0.927880 1
0.307799 1
0.300651 8
2.687354 11
0.005204 8
0.000236 67
0.000193 105
0.000994 551
0.000555 375
0.000082 1417
0.000042 252
0.000082 775
0.000023 70
12.057097 35
0.000015 30
0.215573 34
0.175871 6
0.000097 30
1.027365 19
0.500025 19
0.032911 19
0.030514 19
0.030944 19
0.030939 19
0.037822 19
0.030175 19
0.032357 18
0.000053 1
0.033580 19
0.028857 23
0.029713 19
0.032903 18
0.000153 1
0.113548 6
0.000070 17
1.352045 6
0.000212 92
1.976077 6
0.000025 63
0.638803 21
0.340312 18
0.000012 1
0.500142 19
0.030933 19
0.030290 19
0.032409 19
0.030993 19
0.031148 19
0.030626 19
0.049275 19
0.031639 19
0.029847 19
0.031814 23
0.534883 25
0.257023 21
0.513977 21
0.032558 6
0.000062 15
0.031355 21
0.033512 33
0.032518 21
0.031056 21
0.034924 18
0.000043 3
0.031125 6
0.000079 15
0.030569 21
0.032100 18
0.000060 3
0.029642 21
0.041761 18
0.000043 4
0.030475 18
0.030722 18
0.040153 18
0.031699 18
0.030258 18
0.941024 6
0.000171 37
0.003936 88
0.571922 31
0.000018 40
0.000928 100
2.203172 1
0.099506 1
0.380565 1
1.359714 4
0.171909 4
0.131782 4
0.140205 1
0.496305 1
0.043796 1
0.731923 1
0.444065 1
0.759864 4
0.384189 1
0.235848 1
0.528153 1
0.551929 1
1.073277 1
0.571129 1
1.183763 4
0.195626 4
0.364114 1
0.304278 1
0.588213 4
0.267515 1
0.500383 1
0.495928 1
0.268592 11
1.419370 1
0.207972 9
0.623831 11
0.002986 105
0.000680 100
5.191554 32
0.556009 109
1.008793 11
0.004974 8
0.000231 67
0.000278 105
0.001056 551
0.000472 295
0.000043 248
0.000018 183
0.000095 401
0.000036 186
0.000079 464
0.000130 252
0.000017 454
0.000148 391
27.971107 6
0.000036 41
0.000099 6
0.301133 19
0.400126 18
0.000065 3
0.159683 18
0.000069 4
0.622975 20
0.281154 6
0.000029 14
0.291997 6
0.000090 14
0.295811 6
0.000082 14
0.384454 20
0.075427 20
0.488199 6
0.000044 14
0.711905 21
0.111729 6
0.000102 29
0.320232 6
0.000014 14
0.111568 6
0.000062 14
0.516526 21
0.151936 6
0.000068 15
0.191494 20
0.076321 20
0.559111 22
1.048268 22
1.155489 22
1.536064 6
0.000054 16
0.243706 19
0.499595 19
0.030795 19
0.042487 18
0.000015 1
0.029708 19
0.029901 19
0.030139 19
0.029945 19
0.479718 19
8.197145 6
0.000473 38
0.634242 21
1.295862 6
0.000081 14
0.288925 6
0.000066 14
0.236014 6
0.000049 14
0.140141 20
0.288084 20
0.315806 20
0.139895 20
0.508113 18
0.000072 3
0.108295 20
0.871816 6
0.000218 37
0.002335 71
0.000028 18
0.629218 72
0.000811 100
15.815588 2
0.259535 2
0.135730 2
0.188248 2
0.408208 4
0.139615 4
0.136116 4
0.135990 4
0.496651 1
0.383732 1
0.079881 1
0.200180 1
0.339850 11
0.000061 6
0.002974 66
18.413181 1
0.111442 1
0.332470 4
1.267776 4
0.628189 1
0.039506 1
0.316573 1
0.175781 1
1.312002 1
0.063954 1
0.263865 1
0.256211 1
0.868070 4
0.132329 1
0.319477 4
0.332401 1
0.775802 1
0.095975 1
0.600664 2
0.000079 158
1.239189 1
0.075956 1
0.359991 1
1.428025 1
0.591930 1
1.124035 1
1.072083 1
0.095986 1
0.779936 1
0.084149 2
0.968199 1
0.115469 1
0.232375 9
1.811875 1
0.368727 11
2.699467 1
0.071489 1
0.260199 1
0.080041 1
1.636506 1
0.151438 1
0.416669 1
0.079248 1
0.080160 1
3.099902 11
0.007483 66
9.904874 1
0.087693 1
0.968152 1
0.828086 1
0.023702 1
0.224614 3
0.767626 4
0.132055 4
0.111510 4
0.348131 4
0.508427 4
0.199913 1
0.260374 11
1.595535 1
0.176167 9
1.583801 1
0.900135 4
0.587962 1
0.121074 11
2.611096 1
0.103476 1
0.176293 1
0.072096 1
0.348376 1
0.251912 1
0.763576 1
0.079517 1
0.116264 1
2.660008 11
0.003554 66
3.133128 1
0.171162 1
1.340246 1
0.340296 1
0.427751 229
0.000052 61
1.159999 1
0.076352 1
0.183513 1
0.071165 2
5.873105 1
0.212040 1
0.115553 1
0.272484 1
0.212452 1
2.455189 1
0.076095 1
0.240652 9
3.251504 1
0.140373 11
1.028029 1
0.279494 1
0.368099 4
0.180782 5
0.091086 1
0.488116 4
0.163660 4
0.140117 4
0.140188 4
0.171696 4
1.196368 1
0.375734 4
0.072171 1
0.200655 4
0.555595 1
0.835974 1
0.152368 4
2.543460 1
0.599920 4
0.736017 1
0.248095 1
2.192107 1
0.059683 1
0.271971 1
0.888571 4
0.375811 1
0.475874 1
0.233736 1
2.707459 1
0.078446 1
0.205069 1
2.478991 4
0.032106 1
0.276420 9
1.603532 1
0.356541 1
0.264612 10
64.091726 1
1.303313 1
0.087745 1
0.416314 1
1.623980 1
0.295889 1
0.091851 3
0.144336 1
0.764082 4
0.171654 669
0.151923 4
0.160389 4
0.167719 4
3.068399 1
0.352001 1
0.107683 1
0.080107 3
1.651994 345
0.002560 56
0.000744 66
9.588681 1
0.071811 1
0.204046 1
0.164157 1
1.580307 1
0.327750 1
0.204209 1
0.371859 4
0.171594 1
0.232615 1
0.215586 4
0.340923 11
1.944038 1
0.836333 111
1.411326 1
0.211619 1
0.107989 6
1.307832 11
0.002033 143
0.000400 66
24.741575 1
0.552052 4
3.139896 1
0.420590 1
0.235552 1
1.600001 1
0.059848 1
0.468193 1
0.127672 1
0.124012 1
8.967102 4
0.499401 4
0.030083 4
0.029927 4
0.030081 4
0.029960 4
0.030003 4
0.030002 4
0.029722 1
0.031177 1
0.030093 1
0.034953 1
0.029994 1
0.030135 1
0.535617 1
0.039817 1
0.332047 1
0.104204 1
0.556056 1
0.355836 1
0.345891 1
0.930063 1
0.952239 1
0.019643 1
0.376113 1
0.176161 1
0.351924 11
0.024749 25
0.033206 1042
0.000023 1037
0.000087 1011
2.757682 490
0.000021 405
0.211442 502
0.000027 354
0.815496 261
0.000062 590
0.464220 251
0.000032 179
0.000113 407
0.295909 473
0.000133 402
0.000024 113
1.175135 167
0.000109 660
0.049042 652
0.000067 189
0.267204 705
0.000014 184
1.773625 538
0.000097 147
0.337578 317
0.000181 456
0.053043 33
0.000185 308
0.000076 135
0.000062 138
0.000059 188
1.664019 383
0.000130 498
0.838532 695
0.026082 813
0.035176 297
0.000021 217
0.000122 458
1.112143 1000
0.042153 451
0.000012 298
0.000106 224
72.734601 28
0.002573 66
3.100642 1
0.143913 1
0.396104 1
0.324159 1
0.267791 1
0.972083 1
0.391755 1
0.852239 4
0.359845 1
0.508178 1
0.348052 1
0.900129 4
0.315785 1
0.084045 1
1.251730 1
0.344100 1
1.264188 1
0.123661 1
0.452656 4
0.147480 4
0.340206 4
0.831743 1
0.251991 1
7.408058 1
0.215945 11
1.180450 1
0.671752 4
0.864053 1
0.239854 1
0.068106 3
1.120149 1
0.679432 4
0.892455 1
0.279839 1
0.424313 4
0.147754 4
0.147623 4
0.144261 4
0.144049 4
0.123849 1
1.108232 1
0.312042 7
9.783923 1
0.200073 1
0.836043 1
0.421337 11
1.658741 1
0.087597 1
0.345307 3
0.966979 1
0.249143 5
1.398876 11
0.001005 68
0.000591 66
5.479382 57
0.436068 1
0.500137 1
0.030025 1
0.034502 1
0.030463 1
0.030079 1
0.030093 1
0.031192 1
0.029815 1
0.042474 1
0.030505 1
0.030197 1
0.030755 1
0.030037 1
0.029516 1
0.032286 1
0.029226 1
0.030818 1
0.029728 1
0.030041 1
0.030883 1
0.029881 1
0.035417 1
0.029530 1
0.030722 1
0.030229 1
0.030063 1
0.030270 1
0.030505 1
0.030764 1
0.030979 1
0.035677 1
0.038035 1
0.033223 1
0.029980 1
0.030096 1
0.029456 1
0.030684 1
0.030048 1
0.030554 1
0.030089 1
0.030087 1
0.029906 1
0.312947 1
0.971473 5
0.147219 5
0.381490 3
0.500436 3
0.029827 3
0.029846 3
0.030023 3
0.029933 3
0.030087 3
0.030994 3
0.030849 3
0.029707 3
0.030024 3
0.030027 3
0.036514 3
0.033022 3
0.030918 3
0.031815 3
0.030699 3
0.029643 3
0.030113 3
0.030051 3
0.029898 3
0.029904 3
0.030075 3
0.543333 1
0.270878 5
0.148122 5
0.420226 2
0.000050 9
0.000841 66
0.000525 66
6.207286 53
0.384175 1
0.500530 1
0.030055 1
0.031428 1
0.030246 1
0.029746 1
0.029778 1
0.030493 1
0.029615 1
0.031478 1
0.033927 1
0.029988 1
0.032104 1
0.030829 1
0.030324 1
0.031063 1
0.033025 1
0.033345 1
0.033273 1
0.042855 1
0.029663 1
0.030074 1
0.030678 1
0.031026 1
0.031158 1
0.030735 1
0.030526 1
0.030360 1
0.034340 1
0.030762 1
0.031080 1
0.030952 1
0.030268 1
0.029874 1
0.030667 1
0.030132 1
0.030733 1
0.030039 1
0.029962 1
0.030211 1
0.029724 1
0.162775 1
0.899080 5
0.508003 5
0.099905 5
0.340385 5
1.383795 5
0.356213 5
0.636011 5
0.623886 5
0.111591 5
0.260702 5
0.515514 5
0.096151 5
0.667853 5
0.196182 5
0.328073 5
0.379743 5
1.948020 5
3.016446 5
0.087331 5
2.304299 5
0.721189 1
0.779937 1
0.427868 1
1.426862 11
0.000874 82
0.000603 66
35.911803 69
0.311814 1
0.500292 1
0.040262 1
0.030327 1
0.030041 1
0.038371 1
0.030150 1
0.036635 1
0.029908 1
0.030235 1
0.031083 1
0.030174 1
0.031007 1
0.031021 1
0.030762 1
0.030249 1
0.030618 1
0.030157 1
0.030149 1
0.035902 1
0.031139 1
0.030482 1
0.032219 1
0.030083 1
0.030302 1
0.035642 1
0.032485 1
0.030225 1
0.030073 1
0.029986 1
0.030013 1
0.039744 1
0.030196 1
0.030017 1
0.029968 1
0.030149 1
0.029942 1
0.029691 1
0.031113 1
0.030164 1
0.036779 1
0.030813 1
0.030890 1
0.029923 1
0.029830 1
0.029949 1
0.030097 1
0.029948 1
0.030047 1
0.029957 1
0.029987 1
0.030095 1
0.030209 1
0.030082 1
0.030899 1
0.030986 1
0.030980 1
0.030991 1
0.032570 1
0.030687 1
0.031793 1
0.031052 1
0.031049 1
0.029961 1
0.038750 1
0.030075 1
0.033876 1
0.033141 1
0.038875 1
0.029539 1
0.032640 1
0.030237 1
0.029921 1
0.032284 1
0.029724 1
0.107100 5
0.888410 5
0.239730 5
2.952319 5
0.127590 5
0.324494 5
0.211964 5
0.248068 5
0.895819 11
0.002936 66
39.138363 1
0.359949 77
0.147635 1
0.291989 1
0.500322 1
0.045972 1
0.030198 1
0.030336 1
0.031016 1
0.030432 1
0.031967 1
0.029703 1
0.030185 1
0.038476 1
0.030026 1
0.030233 1
0.029765 1
0.032757 1
0.029607 1
0.030197 1
0.032854 1
0.031169 1
0.030086 1
0.033037 1
0.029496 1
0.030560 1
0.038603 1
0.039226 1
0.029981 1
0.030360 1
0.030599 1
0.030087 1
0.030018 1
0.029675 1
0.029916 1
0.030013 1
0.029739 1
0.030500 1
0.030107 1
0.029854 1
0.029899 1
0.030343 1
0.544231 5
0.500205 5
0.030924 5
0.030893 5
0.030164 5
0.029995 5
0.029909 5
0.030782 5
0.033856 5
0.029542 5
0.031304 5
0.030568 5
0.031169 5
0.030240 5
0.032560 5
0.030375 5
0.030024 5
0.029876 5
0.030110 5
0.029881 5
0.029924 5
0.033318 5
0.029676 5
0.030029 5
0.030308 5
0.030128 5
0.029846 5
0.029990 5
0.030048 5
0.029665 5
0.030687 5
0.030659 5
0.032316 5
0.030578 5
0.030188 5
0.029896 5
0.030580 5
0.033520 1
0.030789 1
0.034893 1
0.030565 1
0.030741 1
0.035700 1
0.029794 1
0.030375 1
0.029706 1
0.030107 1
0.035105 1
0.029528 1
0.030837 1
0.030513 1
0.030405 1
0.031732 1
0.029297 1
0.107652 1
0.188116 1
0.148141 1
0.496660 3
0.503849 3
0.034419 3
0.029960 3
0.030408 3
0.029502 3
0.030021 3
0.030032 3
0.030226 3
0.029903 3
0.029788 3
0.031968 3
0.030106 3
0.030691 3
0.030556 3
0.035750 3
0.039169 3
0.029514 3
0.029975 3
0.030101 3
0.033824 3
0.031127 3
0.043689 3
0.031562 3
0.032193 3
0.030086 3
0.029367 3
0.030891 3
0.030800 3
0.029331 3
0.030105 3
0.030224 3
0.029723 3
0.030078 3
0.029859 3
0.030905 3
0.030963 3
0.031007 3
0.030978 3
0.030124 3
0.032773 1
0.035561 1
0.029728 1
0.030526 1
0.030496 1
0.078923 4
0.500545 4
0.029931 4
0.032927 4
0.029962 4
0.036124 4
0.030090 4
0.030023 4
0.029914 4
0.030063 4
0.029832 4
0.030064 4
0.030106 4
0.029989 4
0.030864 4
0.038974 4
0.030372 4
0.030811 4
0.030135 4
0.032742 4
0.030905 4
0.030394 4
0.034611 4
0.030418 4
0.032135 4
0.030095 4
0.031201 4
0.029772 4
0.030019 4
0.030877 4
0.030901 4
0.030052 4
0.031226 4
0.030257 4
0.030117 4
0.029964 4
0.029818 4
0.030031 4
0.029968 4
0.030050 4
0.029904 1
0.030732 1
0.030516 1
0.031273 1
0.037713 1
0.029900 1
0.030088 1
0.032649 1
0.031345 1
0.029941 1
5.762242 1
0.331874 1
0.155725 1
0.139977 1
0.135886 1
0.144175 1
0.151968 1
0.464238 1
0.147843 1
0.144010 1
0.139910 1
0.155797 1
0.156335 1
17.752514 1
0.087217 1
0.796800 1
0.415532 1
0.723947 1
0.167787 1
0.428839 11
0.019164 25
0.022025 1047
0.000106 1054
7.445271 458
0.000075 73
0.041986 530
0.119848 530
0.056049 318
0.000112 212
0.056223 530
0.049327 530
0.049367 530
0.027976 530
0.028180 457
0.000012 73
0.056329 351
0.000043 179
0.091592 530
0.056533 530
0.013854 530
0.013785 351
0.000013 179
0.014585 318
0.000027 212
0.013478 530
0.718694 677
0.000025 151
0.013813 720
0.008315 687
0.013503 713
0.006851 665
0.013700 747
0.013847 360
0.000025 70
0.000061 311
0.020932 703
0.032757 684
0.023741 678
0.000072 75
0.739145 700
0.013923 592
0.000063 183
0.021116 373
0.000037 289
0.028004 887
3.934340 499
0.000016 124
0.000069 146
0.098478 272
0.000018 348
0.000012 124
0.168918 204
0.000078 295
0.000058 300
1.041564 708
0.000075 216
0.183188 288
0.000191 465
108.256695 28
0.002352 66
1.288948 1
0.131946 1
0.176302 1
0.655719 1
0.143915 1
1.824173 1
0.128229 1
0.083699 1
1.028198 1
0.384106 1
0.235526 1
0.671994 1
0.075845 1
1.108312 1
0.175770 1
0.356121 1
0.143913 1
1.040451 1
1.827728 1
0.209327 11
1.230805 1
0.248826 1
1.587257 4
0.315900 1
0.211799 1
0.140893 3
1.395159 1
2.112386 1
0.420800 4
2.487336 1
0.200517 11
1.366831 1
0.199924 1
0.220768 1
0.067447 1
1.308143 1
0.123589 1
0.928262 1
0.464468 1
0.371427 1
0.264378 11
0.004010 66
3.943888 1
0.039808 1
1.896341 1
0.531574 1
0.344304 1
0.115448 1
2.296631 1
0.828095 1
0.179336 1
1.240136 4
0.195891 4
0.152332 1
0.188980 11
1.118946 1
0.191830 1
0.219950 1
0.316133 1
0.256282 1
0.151739 1
0.281056 4
0.451439 11
0.002714 66
0.000679 8
0.000068 58
14.193300 29
0.543835 1
0.167846 1
0.164134 1
0.155662 1
0.148549 1
0.778922 5
0.087691 5
0.492165 11
0.002625 66
0.000514 66
1.170032 29
0.412114 1
0.179417 1
0.172236 1
0.172026 1
0.171840 1
0.695173 5
0.099745 5
0.348347 11
0.002656 66
0.000602 66
100.917139 1
0.211788 1
0.779938 1
0.568224 1
0.091775 1
1.099766 1
0.187841 1
0.413040 1
0.159147 1
1.324061 1
0.348462 1
2.536380 12
0.963795 4
0.501780 4
0.033326 4
0.030324 4
0.030075 4
0.044587 4
0.036025 4
0.030338 4
0.030081 4
0.030210 4
0.232649 4
0.156027 4
0.932238 1
0.663831 1
1.148605 1
0.191183 1
0.075837 1
0.116038 1
0.824641 1
0.155505 1
0.536447 1
0.303609 1
1.979739 1
0.724357 1
0.359973 1
0.476549 1
1.507373 1
1.344116 1
1.916154 4
1.151808 1
0.221568 11
16.226737 11
0.002533 66
330.785462 2
0.159737 2
0.123909 1
0.240228 2
0.416280 4
0.147496 4
0.159986 4
0.148544 4
0.695951 1
1.007718 1
0.211878 1
0.188028 1
0.484404 4
0.143773 1
0.386724 1
1.021182 1
0.124027 1
0.630513 5
0.725908 1
0.307751 11
0.037598 100
26.586231 1
0.107826 1
0.068199 1
1.932059 1
0.231090 3
2.176999 1
0.123903 1
0.107668 1
0.084100 1
0.816517 1
0.111603 1
0.103990 1
0.416148 1
0.143560 11
0.027766 100
6.492716 1
0.048223 1
0.783989 1
0.799926 1
0.828144 1
1.823809 1
0.051590 1
1.036415 4
0.155716 4
0.036021 1
2.188296 4
1.459883 4
1.007987 1
0.388051 1
0.192287 10
3.575918 1
1.443873 1
0.259688 1
0.043818 1
1.456298 1
0.280169 1
0.631921 1
0.135792 1
0.048001 1
2.656376 1
35.687694 4
0.500916 4
0.032765 4
0.029986 4
0.208962 4
0.179222 4
0.176109 4
0.148135 4
0.171803 4
0.139827 4
0.588390 1
0.175794 1
0.644557 1
0.151660 1
0.027741 1
0.316456 1
2.016877 1
0.399784 1
0.215827 1
0.176530 1
0.155603 1
0.192045 1
1.055464 17
0.223706 15
0.196371 17
0.159464 17
0.172150 17
0.167835 17
0.180503 15
0.171439 17
0.179989 17
0.176060 17
0.195993 17
0.189039 17
1.124145 3
0.083672 3
0.501902 3
0.029684 3
0.030758 3
0.030263 3
1.178851 1
0.563923 4
0.776375 1
0.411465 1
0.252046 1
0.171919 1
12.700186 1
0.836258 1
0.719850 1
0.612159 1
0.135941 11
1.099959 1
0.127728 1
0.296079 1
0.065227 1
0.567112 1
0.359945 1
0.392092 1
0.087225 1
0.076612 1
1.239713 11
0.002673 100
1.953365 1
0.047775 1
0.328179 1
0.820380 1
0.551971 4
0.163988 4
0.155608 4
0.187981 4
110.504313 1
0.075540 1
0.368385 1
0.736277 1
0.431516 1
0.219973 1
0.124265 1
0.655680 1
0.392737 4
0.236036 1
0.075964 11
1.631532 1
0.179655 1
0.520058 1
0.524377 4
1.255906 1
0.063635 1
0.612319 1
0.139945 1
0.184696 4
0.479451 11
0.003047 78
0.000555 100
74.476615 1
0.111859 1
0.932458 1
0.572022 1
0.491561 1
0.267970 1
0.127612 1
0.741117 1
1.755371 1
0.099626 1
0.952324 11
0.001804 40
0.000584 100
8.301673 1
0.071508 1
0.195910 1
0.372655 1
1.220934 1
0.294513 1
0.099840 1
0.728531 1
0.692159 4
0.107489 1
0.180006 1
0.504371 1
0.396094 11
0.023773 25
0.019464 2363
0.000028 82
2.617252 477
0.000015 119
0.042300 595
0.034853 390
0.000055 205
3.475285 477
0.000043 119
0.041960 595
0.155199 595
0.049343 358
0.000062 238
0.034888 595
0.098948 595
2.194421 120
0.000130 476
0.069844 595
0.063455 595
0.175919 595
0.063362 509
0.000023 86
0.027748 595
0.028376 476
0.000022 119
0.029499 357
0.000073 238
0.068908 509
0.000048 86
0.387591 596
0.013668 595
0.014007 476
0.000056 119
0.014238 476
0.000013 119
0.013574 476
0.000044 119
0.021281 595
0.020846 595
0.024226 476
0.000029 119
0.025348 238
0.000018 357
0.212629 33
0.000128 1041
0.000061 1048
0.000054 394
0.000079 238
0.000072 238
0.004704 595
0.014421 595
0.007197 152
0.000058 443
0.013680 595
0.007515 238
0.000110 357
0.006539 595
0.013981 476
0.000025 119
0.008661 595
0.012532 595
0.020318 595
0.000498 595
0.021185 476
0.000050 119
0.013818 595
0.028286 271
0.000009 205
0.000092 119
0.253811 358
0.000164 238
0.020880 271
0.000083 324
0.013674 595
0.014243 357
0.000066 238
0.018671 595
0.010705 119
0.002333 476
0.010363 595
0.020877 476
0.000022 119
0.021457 357
0.000027 238
0.013711 595
0.021217 595
0.020805 509
0.000009 86
0.025714 595
0.016563 595
0.014438 595
0.018748 476
0.000024 119
0.008865 595
0.014116 357
0.000021 238
0.014461 595
0.028084 476
0.000047 119
0.027637 595
0.024001 595
0.014383 595
0.024843 595
0.126911 595
0.024177 390
0.000042 205
0.011848 595
0.020377 595
0.006726 595
0.015313 595
0.013498 595
0.009978 595
0.013526 390
0.000016 205
0.011508 595
0.007145 595
0.013919 595
0.014308 595
0.013577 238
0.000037 357
0.014006 595
0.013950 509
0.000041 86
0.008489 476
0.000016 119
0.012508 595
0.014592 595
0.020819 595
183.261122 28
0.001931 100
1.013835 1
0.095461 1
0.112310 1
0.195688 1
0.187994 1
0.071782 1
0.492591 11
0.011794 24
0.000704 100
6.655705 1
0.028144 1
0.351332 11
0.064943 23
0.017131 100
77.210663 1
0.323399 1
0.043681 1
1.872625 1
0.503975 1
0.104243 1
0.371339 1
1.352036 1
1.264684 1
0.175665 1
0.448962 1
2.154851 3
0.087855 3
0.384367 3
0.271612 3
0.392405 3
0.151769 3
1.311960 11
0.026625 100
19.617911 1
0.328087 1
0.163357 1
0.227931 1
0.300136 17
0.001314 100
7.290515 1
0.388124 1
0.312335 1
0.159506 1
0.248104 11
0.000094 6
0.001297 100
2.182685 1
0.220191 1
0.807915 1
0.819922 1
0.284062 1
0.143681 1
0.067932 1
0.280281 11
0.006717 10
4.105517 2
3.237280 28
0.000604 100
13.574179 1
0.275703 1
0.163742 1
0.176287 1
0.236015 11
0.000010 6
0.002858 66
21.905066 1
0.627980 4
0.672114 1
1.744304 4
1.403622 1
0.112218 1
0.499897 4
0.143952 4
0.444070 1
0.047846 1
0.952180 4
0.043963 1
0.844324 1
0.143745 1
0.359931 1
3.759883 1
5.528530 1
0.111304 1
0.676499 4
0.171681 4
0.300528 1
0.312262 11
1.031396 1
0.276086 1
0.129043 3
1.622761 1
1.084403 1
0.412114 1
0.095311 1
0.075876 1
0.788427 11
0.003566 296
0.000487 66
2.000184 1
0.139766 1
3.624290 1
1.871640 1
0.079529 1
0.788468 1
0.259904 1
0.715977 1
2.840404 1
0.391543 1
0.149324 1
0.718841 4
0.175944 4
0.167947 4
0.760313 1
0.412231 4
0.367797 1
0.547796 1
0.103722 1
0.229227 1
0.815046 4
0.551807 1
0.168105 1
2.212041 1
0.336991 1
1.523140 1
0.080593 10
0.535621 11
0.002602 66
4.197457 1
0.255566 1
0.139785 1
0.356911 1
1.655423 11
0.000014 8
0.003528 134
0.000482 22
0.008791 27
0.026320 19
0.001367 400
0.000155 7
0.000645 8
9.905346 7
0.006230 61
0.308414 62
0.003282 60
0.678029 42
0.004555 67
0.494646 61
0.029657 1
0.030935 1
0.030885 1
0.030754 1
0.029623 1
0.032251 1
0.030922 1
0.032270 1
0.032753 1
0.032862 1
4.278613 1
0.005265 12
0.000362 78
0.070713 285
0.003087 31
0.980959 41
1.149960 43
0.129735 32
0.005011 16
0.000502 80
0.093327 33
0.487513 286
0.004821 26
0.000335 52
0.952876 227
0.004873 11
0.000343 18
0.443278 42
0.324020 19
0.007896 18
1.243565 42
0.143920 16
0.114980 29
3.569341 15
0.005631 18
0.298585 1
0.139629 1
0.892396 1
0.008478 12
0.295469 18
0.075676 18
0.010814 42
0.729305 30
0.009064 49
0.670754 18
0.009142 19
0.371019 1
0.013707 12
0.326246 18
0.387491 1
0.565553 18
0.010040 17
0.080537 23
0.208584 23
0.356279 7
0.000240 8
0.008320 17
0.000781 58
0.003671 134
0.000205 22
0.003863 27
0.029158 19
0.001585 405
0.000130 7
0.000730 8
3.682640 20
0.009125 122
1.027029 25
0.009815 12
0.000377 12
0.492488 27
0.011899 14
0.028666 34
0.006475 16
0.018532 41
0.007531 18
0.023658 36
0.008915 20
0.021699 36
0.008431 22
0.028328 62
0.005843 42
0.000314 24
0.025794 77
0.003506 27
0.000275 22
0.022943 71
0.007296 23
0.023486 66
0.006021 25
0.029395 65
0.006070 26
0.024238 73
0.005194 27
0.027993 77
0.005329 28
0.023084 101
0.005814 29
0.027172 107
0.004362 30
0.027864 113
0.004076 31
0.023127 108
0.004868 32
0.027095 107
0.004730 33
0.025633 132
0.004451 46
0.024749 126
0.472495 1
0.005621 20
0.000365 36
0.280982 30
0.003126 27
0.208630 25
0.006039 42
0.118829 30
0.030014 30
0.422603 32
0.195871 32
0.004435 12
0.070068 30
0.003231 49
0.310349 7
0.000159 8
0.002524 3
0.000447 18
