0.009243 299
0.192785 6
0.000197 29
0.002243 46
0.000820 193
0.001790 302
0.000279 7
0.000653 6
0.000356 8
0.741762 1
0.005569 20
0.000670 38
0.291408 30
0.517523 41
0.055884 30
0.307683 30
0.009019 60
0.168893 15
0.002608 3
0.001595 20
0.002805 11
0.000747 134
0.000236 23
0.003088 23
0.038542 302
0.000034 7
0.000907 8
2.795638 1
0.004323 20
0.000361 78
0.094717 287
0.003311 27
0.000323 34
0.235592 25
0.004410 42
0.211724 30
0.002924 70
0.170554 31
0.003142 33
1.722754 101
0.005290 20
0.000466 44
0.068657 30
0.258104 30
0.221871 30
0.622114 30
0.278227 30
0.156093 30
0.581705 30
0.003873 31
0.231365 137
0.229505 1
0.370683 1
0.629398 1
0.130208 1
0.426358 1
0.118091 1
2.334328 7
0.000436 8
0.003738 3
0.000460 37
0.010166 33
3.209168 2
0.129453 134
0.000158 23
0.003764 23
0.023717 19
0.001531 273
0.000284 131
0.000787 8
1.123707 1
0.004586 20
0.071850 30
0.370033 41
0.159943 30
0.303775 30
0.191792 30
0.002962 71
0.425243 18
0.002625 19
0.445407 1
0.132098 1
0.242487 1
0.119297 1
0.186612 1
0.259796 1
0.221999 1
0.550146 15
0.002878 3
0.000698 30
0.003712 99
0.000585 134
0.000136 23
0.003447 23
0.027634 19
0.001132 306
0.000333 7
0.000908 8
2.447851 1
0.005072 20
0.000313 54
0.138506 30
0.002639 27
0.124453 25
0.005206 42
0.193288 30
0.003627 70
0.532242 31
0.002820 33
0.757061 95
0.005713 20
0.000546 28
0.031197 30
0.224522 30
0.166117 30
0.196046 30
0.383578 82
0.773328 32
0.003946 23
0.105560 30
0.003844 71
0.371446 18
0.003680 19
0.264760 6
0.293892 6
0.294181 6
0.496071 6
0.186396 6
0.139679 6
0.187478 6
0.591930 7
0.000249 8
0.003603 3
0.000652 35
0.018814 25
6.733318 2
0.001101 190
9.641087 89
7.021793 2
0.001792 55
5.520775 2
0.018315 54
0.006638 157
0.003266 23
0.026622 19
0.001353 398
0.000210 7
0.000817 8
3.756018 1
0.004527 20
0.000365 53
0.136155 30
0.263683 41
0.189718 30
0.242581 30
0.002520 60
0.795059 18
0.002767 19
0.209452 6
0.004097 11
0.730028 21
0.096116 21
1.394535 60
0.003102 28
2.999635 15
0.003003 3
0.000417 34
0.002762 134
0.000270 23
0.003806 23
0.026431 19
0.000867 302
0.000115 7
0.000857 8
5.134959 1
0.004335 20
0.000536 53
0.566294 30
0.002604 27
1.120902 126
0.003119 26
0.000295 24
9.079209 6
0.050180 6
0.431114 39
0.834859 7
0.004886 7
0.000344 8
0.003430 3
0.000643 22
0.008279 14
5.387957 2
0.032300 16
1.883437 1
0.188265 1
0.109948 1
0.155959 1
0.376304 1
0.503612 1
0.100042 1
0.305869 1
0.360569 1
0.074050 1
0.993741 1
0.974655 1
0.067242 1
0.408163 1
0.163947 1
0.109840 1
1.128776 1
0.111515 1
0.675968 1
0.098559 1
0.859330 11
0.016077 67
0.003098 2
0.038536 53
4.968746 51
0.033034 11
3.729634 2
0.000336 10
0.000010 8
6.196395 2
1.554960 4
0.143327 4
0.630536 1
0.063920 1
0.653845 1
0.110446 1
0.301498 1
0.660447 1
1.350146 1
0.155657 1
0.878147 1
0.469870 1
0.112160 1
1.315977 1
0.205814 1
0.286490 7
0.925354 11
0.003243 56
0.000557 16
3.739231 1
0.107385 1
0.500165 1
0.562141 1
0.093716 1
1.124029 1
0.523828 1
0.079877 1
0.286597 1
0.039725 1
0.185977 1
0.206454 1
0.171647 1
0.649868 1
1.096400 1
0.458108 1
0.346464 1
0.123465 2
1.518282 1
0.297348 1
0.200285 7
0.724344 11
0.002030 7
0.000234 97
0.000460 16
2.421266 1
0.341499 1
0.210267 1
0.087476 1
0.506492 11
0.000219 6
0.002287 134
0.000252 23
0.004388 23
0.041244 19
0.001312 402
0.000308 7
0.000693 8
14.130515 1
0.004704 20
0.000343 43
0.147026 30
0.002533 27
0.076319 74
0.005307 42
0.000702 31
1.212722 30
0.002886 70
0.030932 31
0.002787 33
2.368994 89
0.003959 20
0.000452 34
0.238150 30
0.226197 30
0.004429 38
0.885707 18
0.006602 53
0.030765 30
0.498297 30
0.119584 30
0.003658 31
2.420478 83
0.004819 37
0.073396 6
0.360697 6
1.264942 6
1.030421 6
0.076148 6
0.490204 6
0.495853 6
0.128038 6
0.972127 6
1.817864 6
0.588909 6
1.072842 6
0.282394 6
0.005922 11
0.568223 21
0.097663 21
0.276109 21
0.891755 21
0.662637 21
0.091422 21
0.438082 21
0.097956 21
0.412033 21
1.888182 15
0.004636 3
0.000687 51
0.018816 134
0.000256 23
0.003759 23
0.027458 19
0.001611 309
0.000760 8
2.211666 1
0.003269 12
0.000261 43
0.074975 18
0.004322 31
0.147438 41
0.262038 30
0.083764 30
0.376329 30
0.132229 30
0.003721 31
0.980185 6
0.003732 11
1.282119 21
0.179553 70
0.003953 21
0.573879 3
0.004222 17
0.000415 22
0.858535 21
0.285940 21
0.314875 56
0.003941 18
0.664265 1
0.004731 22
0.368306 21
0.153306 21
0.424491 21
0.376338 21
0.115681 21
0.299964 21
0.401025 1
0.661659 1
0.040113 1
0.040334 1
0.044378 1
0.038183 1
0.041157 1
0.041723 1
0.044934 1
0.038362 1
0.043714 1
0.037448 1
0.040556 1
0.041260 1
0.039862 1
0.040511 1
0.040623 1
0.481848 145
0.006354 11
0.263260 156
0.156237 145
0.197745 145
0.134045 145
0.005394 81
0.539259 15
0.004120 3
0.000501 38
0.013985 25
0.006088 134
0.000190 17
0.000009 6
0.006474 23
0.026675 19
0.000020 273
0.003035 44
4.070206 1
0.004803 20
0.000606 56
0.102199 30
0.002979 27
0.219539 144
0.003050 26
0.000537 24
0.206485 48
0.124553 1
0.751340 3
0.168213 3
0.003718 24
0.267465 6
0.627302 346
0.000071 1
0.823761 36
0.450110 7
0.000362 8
0.002865 6
0.000215 22
0.008220 14
7.694280 2
0.036596 16
1.880953 1
0.134346 1
0.342076 1
0.455615 1
1.258256 1
0.886367 1
0.949680 1
0.091961 1
0.238441 1
0.137907 1
0.227560 1
0.370380 1
0.070110 1
0.308104 1
1.493982 1
0.595760 1
0.184348 1
0.425926 1
0.295550 1
1.568530 1
0.195394 1
0.208421 1
0.227892 1
0.130208 5
1.175478 11
0.002286 16
1.284101 1
0.083911 1
0.292081 1
0.110177 1
0.587639 1
0.325947 4
0.381928 1
2.210960 1
0.101093 1
1.078509 1
1.182436 1
0.429329 1
0.304362 1
0.711665 1
0.509914 1
0.184318 1
0.100018 1
0.142218 5
0.494006 11
0.002761 59
0.000569 16
3.962228 1
0.680521 1
0.119786 1
0.335614 1
0.456245 17
0.002608 134
0.000336 23
0.003584 23
0.023039 19
0.001402 398
0.000315 7
0.000701 8
2.548284 1
0.005290 20
0.000545 43
0.071979 82
0.228656 41
0.002893 38
1.030492 27
0.003229 31
0.153132 32
0.003573 43
0.151013 70
0.602629 1
0.003324 20
0.000479 43
0.183414 30
0.002766 27
0.130213 74
0.005082 42
0.000356 34
0.153644 30
0.003635 70
0.106373 31
0.002780 33
0.236412 107
0.004413 20
0.000423 44
1.144099 30
0.696074 30
0.003582 38
0.370092 18
0.005697 53
0.074252 30
0.550348 30
0.027188 30
0.003492 31
2.145721 143
0.004711 27
0.369314 6
0.503456 6
0.606344 6
0.004913 11
0.554911 21
0.080162 21
0.245095 21
0.448207 21
0.496085 21
0.058193 21
0.341987 21
0.089966 21
0.188148 21
1.717428 15
0.004595 3
0.000595 41
0.022636 134
0.001017 17
0.000357 6
0.006176 23
0.026354 19
0.001192 302
0.000261 7
0.000707 8
4.148408 1
0.003353 12
0.000750 43
0.598486 108
0.142574 1
0.005109 20
0.000400 59
0.632190 30
0.003123 27
0.116642 25
0.005037 42
0.257047 30
0.002914 70
0.656692 126
0.006571 133
0.727070 7
0.000248 8
0.004584 3
0.000253 41
0.016452 46
0.002679 134
0.000221 23
0.004450 23
0.025986 19
0.001075 306
0.000326 7
0.000687 8
4.684656 25
0.007245 184
0.897396 19
0.006506 12
0.655452 26
0.006287 14
0.034082 33
0.008677 16
0.031537 40
0.006798 18
0.034213 47
0.006083 20
0.032983 54
0.005609 22
0.034395 61
0.006193 24
0.034253 64
0.005735 22
0.034041 70
0.005246 23
0.035528 66
0.006286 25
0.034110 65
0.005485 26
0.035039 73
0.004989 27
0.037463 79
0.005157 28
0.033837 83
0.004462 29
0.035806 120
0.006054 30
0.035206 126
0.006534 31
0.033969 132
0.004098 38
0.000534 32
0.036493 126
0.006724 31
0.000370 33
0.033767 144
0.006045 34
0.033976 130
0.004385 35
0.959900 125
0.004424 12
0.000449 31
0.139753 18
0.005335 31
0.469070 90
0.006110 120
0.759012 15
0.004405 41
0.016513 134
0.000214 23
0.003837 23
0.024036 19
0.001026 302
0.000381 7
0.000758 8
8.407417 274
0.000025 29
32.892199 1
0.005362 20
0.000337 36
0.183933 30
0.002776 27
0.144508 25
0.004271 42
0.201376 30
0.002874 49
0.520787 15
0.002259 3
0.000652 18
