0.040224 299
0.162507 6
0.000303 29
0.001899 49
0.000300 163
0.001907 300
0.000172 7
0.000634 6
0.000175 8
8.515868 1
0.005528 20
0.000179 77
0.056741 281
0.003303 27
0.000335 38
0.166993 25
0.006099 42
0.173941 30
0.003412 70
0.792454 31
0.003008 33
0.106185 125
0.006560 12
0.000410 12
0.293502 18
0.008797 14
0.595955 7
0.000246 8
0.003646 3
0.000768 17
0.017208 26
2.207601 1
0.119222 1
0.292428 1
0.187506 1
0.164581 1
0.199784 1
0.172306 1
0.287461 1
0.452151 24
0.000024 2
0.103237 38
0.905448 1
1.387454 1
0.671795 1
0.127975 1
0.400342 1
5.780163 4
0.507478 4
0.029957 4
0.031163 4
0.030962 4
0.030945 1
0.031490 1
0.042010 1
0.030538 1
0.033445 1
0.039454 1
0.828447 1
0.083730 1
0.372372 11
0.009096 131
0.000086 15
3.702735 2
0.575834 2
1.395987 1
0.208091 3
1.004360 1
0.067396 1
0.228091 1
4.300402 1
0.255828 1
0.648048 1
0.115721 1
0.684398 1
0.507926 1
1.403934 1
0.111963 1
0.252037 1
0.684020 1
0.099670 1
0.536112 1
0.448220 1
0.315901 1
0.100122 1
0.735958 1
3.788090 18
0.005262 131
0.000115 15
0.782432 1
0.059748 3
0.948579 1
0.516195 1
0.547532 1
0.087702 1
0.500157 1
0.628366 1
1.436167 1
0.115567 1
0.248178 1
0.140889 16
0.799317 7
0.000144 18
0.000189 131
0.000100 15
8.351644 1
0.103257 3
0.772343 1
0.544166 1
1.263794 1
0.120183 1
0.840007 1
0.147538 1
0.228091 1
0.124447 1
0.060104 1
0.183535 1
0.856165 1
0.336382 1
0.119314 1
0.052098 1
0.820284 18
0.002367 131
0.000095 15
8.285564 1
0.272015 3
0.167908 1
0.775887 1
0.067933 1
0.272333 1
0.191532 1
0.436345 1
0.583893 1
0.123644 1
0.316458 1
0.087851 1
0.195963 1
0.247865 1
0.260072 1
0.524169 18
0.043829 43
0.006161 131
0.000159 15
9.442057 1
0.880305 3
0.079145 1
0.236205 1
0.408018 1
0.127852 1
0.268370 1
0.171651 1
1.948062 1
0.720079 1
0.123989 1
0.167845 1
0.132124 1
0.396008 1
0.179927 1
0.296028 1
0.276163 1
0.680182 18
0.027083 104
0.000203 27
0.000095 15
7.344368 1
0.052200 3
0.396288 1
0.192092 1
0.203549 1
1.512540 1
0.439784 1
0.095493 1
0.331941 1
0.143921 1
0.032084 1
0.300491 1
0.723537 1
0.468204 1
0.099872 1
0.075796 1
1.367171 1
0.502751 1
0.029637 1
0.029741 1
0.030253 1
0.030077 1
0.029857 1
0.030872 1
0.030147 1
0.029786 1
0.031881 1
0.030824 1
0.030741 1
0.030858 1
0.031090 1
0.030615 1
0.398936 4
0.192061 4
0.159717 4
0.152100 4
0.139932 4
0.401049 17
0.652017 15
0.259781 20
0.176143 17
0.764208 17
0.167966 17
0.344272 17
0.135576 17
0.235915 17
0.160285 17
8.256505 18
0.002653 131
0.000100 15
12.544894 1
0.316149 3
0.155738 1
0.700188 1
0.067729 1
0.467999 1
0.364508 1
0.399643 1
0.235651 1
0.740255 1
0.315984 1
0.091765 1
0.164214 1
0.233436 1
0.194664 1
0.279822 1
1.952236 7
0.000066 11
0.047816 34
0.003522 54
0.004152 46
0.027096 74
0.051698 52
0.005570 42
0.022926 14
7.337053 23
3.156293 2
0.029398 39
0.008541 112
0.877876 19
0.199774 2
0.000176 16
0.159831 18
0.163833 13
0.412357 2
0.012670 34
0.843113 2
0.000264 77
0.004861 51
0.029100 131
0.000112 7
0.000134 8
3.317935 1
0.095363 3
0.292399 1
0.207944 1
0.171825 1
0.456234 1
0.099705 1
1.720451 1
0.119580 1
1.172451 1
0.998677 1
1.348903 1
2.172726 1
2.543558 1
0.800138 3
0.167500 3
1.840126 1
0.720360 3
0.564096 1
0.167596 1
0.356368 1
0.487869 1
0.699726 1
0.344115 1
0.520193 1
0.155826 1
0.323863 1
0.644110 1
0.972273 1
0.095431 1
0.332292 1
0.095922 1
0.172074 1
0.239923 1
0.119780 1
1.888361 7
0.000135 11
0.031590 131
0.000151 15
1.823134 28
0.601387 1
1.755975 18
0.028426 131
0.000165 15
5.491517 1
0.123950 3
0.419746 1
0.095567 1
1.588423 1
0.123723 1
0.976476 1
1.739661 1
0.155691 1
0.096060 1
0.112075 1
1.624193 1
0.199782 1
0.224109 1
0.300038 3
0.556321 3
1.215949 1
0.083520 1
0.264188 1
0.637560 1
0.374557 1
0.152478 1
0.239482 1
0.127872 1
0.035977 1
0.504359 1
0.119861 1
0.952671 1
0.074742 1
0.088396 1
1.228076 18
0.002656 131
0.000142 15
7.001278 1
0.031747 3
0.748305 1
0.187940 1
0.419888 1
0.067703 1
0.388505 18
0.003280 9
0.000025 166
0.000587 131
0.000175 15
160.916263 1
0.063464 3
0.280119 1
0.359998 1
0.060098 1
0.740095 1
0.424028 1
0.547609 1
0.444291 1
0.372014 1
0.963918 1
0.759820 1
0.111969 1
0.324107 1
0.151827 1
0.032053 1
0.408193 14
1.036302 7
0.000184 18
0.002354 131
0.000140 15
6.521035 1
0.095805 3
0.716272 1
0.611947 1
0.099765 1
0.320298 1
0.291833 1
0.204038 1
0.144015 1
0.227909 1
0.444514 1
3.375769 18
0.037974 100
13.928519 1
0.073061 1
0.107989 1
0.780270 4
0.155818 4
0.139967 4
0.492102 1
0.091880 1
0.159843 1
0.384345 1
0.091769 1
4.964739 1
0.675592 1
0.115700 1
0.640520 1
0.287715 1
1.239762 1
0.036120 1
0.332969 9
2.587388 1
0.251795 1
0.200097 9
1.755704 11
0.016423 62
0.000150 13
0.000120 109
0.002678 464
4.648867 52
0.143887 19
1.547960 21
0.188079 6
0.000055 16
0.839981 18
0.000036 1
0.435762 6
0.000139 45
0.020138 85
1.427764 54
5.010798 19
0.357850 19
0.039357 19
0.956137 21
0.164180 21
0.143895 22
0.612092 6
0.000225 14
0.711574 18
0.000091 4
1.023999 20
0.663997 22
0.638862 20
0.449036 20
0.112213 20
22.984106 31
3.703723 20
1.596166 22
0.906660 20
0.381272 20
0.239920 20
0.087845 20
1.176526 6
0.000161 17
0.507498 20
0.336311 20
0.439710 20
0.155778 20
0.192235 20
1.496184 6
0.000041 17
3.092134 20
0.335715 20
0.244026 20
0.272039 20
0.343879 6
0.000063 17
0.808007 20
0.360194 20
0.199418 20
0.356352 6
0.000040 14
0.648045 6
0.000033 14
0.911785 6
0.000056 17
1.267985 20
0.171978 20
0.884189 6
0.000068 14
0.111508 20
1.212343 6
0.000036 17
7.195895 6
0.000071 14
0.328103 20
0.291974 20
0.215698 20
2.224145 23
2.468021 18
0.000012 2
0.283852 6
0.000014 14
0.348124 20
0.120223 6
0.000026 14
1.456081 24
18.435835 20
0.379935 6
0.000038 14
0.823898 6
0.000025 14
0.087845 20
38.312372 6
0.000088 18
0.795761 20
0.279981 20
0.088053 20
5.623924 6
0.000184 37
0.002665 88
0.437108 72
0.000633 100
1.215537 2
0.051689 2
0.304624 2
0.287469 1
0.772392 4
0.159314 4
0.156442 4
0.139723 4
0.632525 1
0.079665 1
0.163689 1
0.564195 1
1.568341 1
0.071573 1
0.228658 9
0.767396 11
0.001947 100
0.000427 100
13.845644 1
0.292143 1
0.223678 1
0.136034 1
0.816495 11
0.000144 6
0.002669 131
0.000151 15
7.644799 1
0.688018 3
0.259750 1
0.468197 1
0.059695 1
0.888662 1
0.988071 1
0.179502 1
1.132254 1
0.711951 3
0.304207 1
0.003467 1
0.780181 3
0.160048 3
0.735978 1
0.063899 1
0.844176 1
0.071842 1
0.244308 17
0.783602 7
0.000158 18
0.002306 131
0.000174 15
16.678163 1
0.079591 3
0.367863 1
0.131632 1
0.304071 1
1.432715 1
1.935347 1
0.612305 18
0.755914 7
0.000129 18
0.003108 58
0.000429 131
0.000167 15
16.136294 1
0.883920 3
0.891990 5
0.524103 3
0.452020 5
0.111839 3
0.087943 1
0.556304 1
0.655702 1
0.372102 1
0.044125 1
0.419876 1
0.183699 1
0.143928 1
1.140456 1
0.151615 1
0.564169 1
0.155977 1
0.003820 1
0.840351 7
0.000012 11
0.003280 130
0.000246 254
0.000459 131
0.000128 15
21.724331 1
0.491632 3
0.099774 1
2.004193 3
0.103618 1
0.788531 1
0.095608 1
1.208608 1
0.103243 1
0.156098 1
0.324425 1
0.928327 18
0.000013 131
0.000136 15
7.467409 1
1.259649 3
0.244160 1
0.100146 1
0.318960 1
2.312980 1
0.844024 1
0.115700 1
0.152145 1
0.720296 1
0.931887 1
0.083590 1
0.240225 1
0.343991 1
0.264053 1
0.776093 1
0.111852 1
0.056204 1
1.344145 18
0.002618 131
0.000106 15
8.304944 1
0.388067 3
0.424249 1
0.139640 1
0.380178 1
0.692401 1
1.443818 1
0.147743 1
0.304086 1
0.259749 1
0.712369 1
0.203620 1
0.592512 1
1.036245 18
0.002631 131
0.000086 15
3.772787 1
0.095836 3
0.388499 1
0.203442 1
0.271982 1
0.440559 18
0.002853 9
0.000152 178
0.000374 131
0.000110 15
18.788867 1
0.815260 3
0.060003 1
0.171993 1
0.396161 1
2.415938 3
0.151829 3
0.159855 3
0.168417 5
0.175994 3
4.051700 1
0.095833 3
0.120126 1
0.236245 1
0.215837 1
0.248267 1
0.079791 1
0.159850 1
0.344385 1
1.128098 18
0.029047 27
0.001161 131
0.000190 15
2.973909 1
0.287403 3
0.103828 1
0.119976 1
0.252218 1
0.860207 1
0.252579 1
0.135167 1
0.612616 1
0.119219 1
0.252084 1
0.236015 1
0.324198 18
0.000116 154
0.000136 15
1.766675 12
0.624793 3
0.160001 3
0.148069 3
0.152027 3
0.147927 3
1.024354 1
0.760147 18
0.000095 154
0.000136 15
58.095705 1
0.283949 3
0.087605 1
0.100205 1
0.988675 3
0.115540 1
0.307944 3
0.147713 3
0.011939 1
0.780448 1
0.095580 1
0.964738 1
0.340126 1
0.239409 1
0.196399 1
2.323809 18
0.000102 131
0.000068 15
6.907778 1
0.083915 3
0.288027 1
0.203867 1
0.324183 1
0.295767 3
0.131702 1
0.176022 1
0.532252 1
0.131854 1
0.264332 1
0.512135 18
0.002805 187
0.000395 131
0.000146 15
22.329174 1
0.131309 3
0.363694 1
0.141350 1
0.402878 1
0.079803 1
1.120361 1
0.123947 1
0.336001 1
0.527857 1
0.083792 1
0.492248 3
0.059986 1
0.592376 1
0.411619 1
0.455895 1
0.492059 1
0.172141 1
0.383949 1
0.872188 18
0.002434 131
0.000139 15
2.729427 1
0.087609 3
0.288333 1
0.367894 1
0.063732 1
0.740265 1
4.540144 1
0.523954 1
0.143668 1
0.123828 1
1.720265 1
0.320112 1
1.672115 18
0.002519 131
0.000138 15
1.249062 1
0.147800 3
0.468772 1
0.239435 1
0.436177 1
0.336244 18
0.002867 395
0.000402 131
0.000106 15
39.096392 1
0.091569 3
2.412574 1
0.383831 1
0.063750 1
0.408457 1
3.556079 1
0.115545 1
1.116390 1
0.071668 1
0.656159 1
0.123554 1
1.120736 18
0.002491 104
0.000073 27
0.000137 7
0.000048 8
3.748889 1
0.059598 3
0.480491 1
0.143670 1
0.301747 1
0.430630 18
0.002738 395
0.000414 131
0.000117 15
14.052782 1
0.156373 3
0.311407 1
0.423939 1
0.055901 1
2.448218 1
4.664391 1
0.099768 1
0.107622 1
6.120382 1
0.596143 1
0.355709 1
1.224057 18
0.002526 131
0.000146 15
10.545725 1
0.107424 3
0.268132 1
0.368346 1
0.043724 1
0.544824 1
3.311216 1
0.623863 1
0.559959 1
8.543931 3
0.088112 1
3.143996 1
0.671934 1
0.563972 1
0.832651 18
0.002515 131
0.000119 15
1.384951 1
0.083876 3
0.292105 1
0.163566 1
0.284502 1
0.711846 18
0.002948 217
0.000058 178
0.000413 131
0.000114 15
11.459690 5
1.003903 17
0.868106 1
0.207428 1
0.168262 1
0.168219 1
0.415912 4
0.204893 9
0.079653 7
0.400503 18
0.002322 131
0.000127 15
0.764535 12
0.364062 24
0.828843 7
0.000106 11
0.003205 9
0.000025 329
0.000077 57
0.000430 131
0.000128 15
27.241917 5
1.001369 17
0.455980 1
0.195611 1
0.162283 1
0.583067 9
0.239689 7
0.392266 18
0.002264 131
0.000128 15
0.964575 12
0.937884 24
0.843284 18
0.003112 395
0.000501 131
0.000182 15
7.799061 5
1.692049 17
0.671798 24
0.452266 17
1.076913 18
0.002195 131
0.000135 15
0.408575 12
0.372121 24
0.688913 18
0.003334 9
0.000132 386
0.000441 131
0.000174 15
51.251012 5
0.287903 17
0.159746 24
0.400023 17
0.143963 24
0.143989 17
0.139998 24
0.192325 17
0.243804 14
0.276062 24
0.296070 17
0.272012 24
0.300047 17
0.316004 22
1.208078 1
0.187952 1
0.171735 1
0.172086 1
0.167972 1
0.173959 1
0.157953 1
0.171835 1
0.168335 1
0.613014 14
0.314938 4
0.167784 4
0.585369 18
0.140763 4
0.237961 4
0.609335 11
0.839919 13
0.294862 4
0.172950 12
0.251140 4
0.175902 4
0.275885 4
0.401029 3
0.828490 5
0.051388 6
0.800574 7
0.000074 11
0.002442 131
0.000108 15
24.953326 1
0.083475 3
0.276263 1
0.372325 1
0.063309 1
0.744549 1
1.211758 1
7.552059 1
1.543906 1
0.099921 1
0.720156 1
0.608058 3
0.083739 1
6.768188 1
0.592224 1
0.127695 1
0.299981 1
0.624276 1
0.780095 3
0.159922 3
0.159755 3
0.115839 1
0.184126 1
0.397093 18
0.002146 131
0.000156 15
2.547844 15
1.096191 1
0.179510 1
0.172225 1
0.167762 1
0.172184 1
0.388092 4
0.396890 11
0.148084 11
0.155734 11
0.151973 11
0.167997 11
1.424124 9
0.124581 9
0.575926 9
0.471997 18
0.002152 131
0.000151 15
1.341215 1
0.080011 3
0.416501 1
0.143488 1
0.312148 1
0.772146 3
0.503988 1
0.448147 18
0.003151 607
0.000541 131
0.000129 15
31.636018 1
0.087541 3
0.261083 1
0.307616 1
0.063320 1
0.672495 1
2.340277 1
2.408102 1
1.451304 1
0.095922 1
2.332590 1
0.275875 1
2.020104 1
0.071733 1
1.800189 1
0.704377 1
0.575824 1
1.495593 1
0.200083 1
0.476349 1
2.635682 18
0.002286 112
0.000479 131
0.000181 15
4.908024 20
0.876864 1
0.952058 1
0.451886 1
0.184004 1
1.004376 18
0.001927 112
0.000407 131
0.000090 15
14.792445 24
0.267862 1
0.508283 1
0.030567 1
0.031052 1
0.031038 1
0.031022 1
0.044682 1
0.034246 1
0.032936 1
0.031400 1
0.031419 1
0.033215 1
0.031728 1
0.031548 1
1.002308 20
0.510728 4
0.183601 4
0.167984 4
0.204067 4
0.813018 16
0.772142 18
0.002147 76
0.000306 131
0.000088 15
7.800406 26
0.408028 1
0.500630 1
0.029934 1
0.029962 1
0.030019 1
0.030080 1
0.030475 1
0.032547 1
0.030749 1
0.029887 1
0.029621 1
0.030155 1
0.029955 1
0.290244 1
0.516606 15
0.543137 4
0.168121 4
0.151709 4
0.160082 4
0.168743 4
0.244336 14
0.376279 18
0.002280 131
0.000179 15
1.581183 1
0.115958 3
0.692381 1
0.119392 1
0.276132 1
0.008068 1
0.608547 3
0.131668 3
0.796150 1
0.380191 7
0.000029 11
0.003035 607
0.000453 131
0.000128 15
11.371130 5
0.463350 29
0.960732 1
0.535771 4
0.224840 3
0.147865 3
0.144190 1
0.336428 1
2.491625 1
0.501682 1
0.029958 1
0.029968 1
0.030064 1
0.029820 1
0.030286 1
0.031033 1
0.031026 1
0.031488 1
0.030842 1
0.032426 1
0.031402 1
0.031068 1
0.031043 1
0.437269 4
0.224542 15
0.164100 15
1.200165 20
1.048277 20
1.082682 4
0.195839 4
0.156014 4
3.307157 4
0.393965 15
2.587025 4
0.273779 4
0.186100 4
0.147071 4
0.160963 4
0.195735 4
0.221301 11
0.147661 11
1.088724 18
0.002229 131
0.000216 15
1.740239 21
0.452047 31
0.576955 18
0.002798 9
0.000089 598
0.000427 131
0.000046 7
0.000071 8
11.839703 5
1.552849 3
0.503737 3
0.044304 1
0.031433 5
0.030771 3
0.565692 1
0.091957 3
0.364195 1
0.371897 1
0.067614 1
1.244336 1
56.500221 1
1.236076 1
31.803799 3
0.147905 3
0.428260 1
1.351754 1
10.788119 1
3.540055 1
0.483848 1
0.151821 1
0.264270 1
0.083703 1
0.480545 3
0.159435 3
0.155980 3
0.404737 1
0.431688 18
0.002192 131
0.000117 15
1.153754 1
0.388145 3
0.251668 1
0.388124 1
0.399895 1
0.136045 3
0.612105 1
0.171543 1
0.300920 1
0.263422 18
0.003027 550
0.000049 57
0.000474 131
0.000112 15
8.271543 5
0.287677 17
0.236095 24
0.420109 26
4.584090 1
0.500166 1
0.029880 1
0.030001 1
0.030608 1
0.030323 1
0.030025 1
0.028872 1
0.030253 1
0.031740 1
0.031361 1
0.031196 1
0.387398 4
0.284826 15
0.136012 15
0.051973 17
2.055078 4
0.255971 4
0.167793 4
1.457347 13
0.067848 13
0.764090 13
8.550827 4
0.216097 4
0.164015 4
1.084389 4
0.096755 9
0.079620 11
0.348138 11
0.139891 9
1.791301 4
0.155938 4
0.157125 4
0.146681 4
0.196923 3
0.140089 3
0.143985 1
0.284035 1
0.244026 18
0.002351 131
0.000112 7
0.000107 8
1.097715 1
0.063482 3
0.244836 1
0.175546 1
0.280174 1
0.287807 7
0.000088 11
0.003208 607
0.000429 131
0.000109 15
117.980341 1
0.179617 3
0.264174 1
0.451998 1
0.095898 1
0.312240 1
8.011859 1
0.364062 1
0.423967 1
1.172299 1
0.091574 1
0.352109 1
0.792424 1
0.395689 1
0.367947 1
0.704293 3
0.067493 1
0.340053 1
0.884212 1
2.624081 18
0.002470 131
0.000091 15
1.249741 1
0.087418 3
0.300620 1
0.283591 1
0.095683 1
0.496406 1
6.963927 1
0.155898 1
0.103866 1
1.028387 1
0.915891 1
0.843889 1
1.028400 1
0.947785 18
0.002177 74
0.000328 131
0.000227 15
2.264475 13
0.783819 1
0.187789 1
0.191894 1
0.156070 1
0.160034 1
1.561082 13
0.047899 11
1.185136 18
0.002494 131
0.000019 15
1.191824 13
0.403883 1
0.247675 1
0.171190 1
0.160720 1
0.829370 11
0.155724 11
0.135981 11
0.296389 9
0.099637 9
0.024072 9
0.947080 4
0.159674 4
0.163966 4
0.740160 4
0.389116 3
0.324355 1
0.908647 18
0.002041 131
0.000122 15
1.456182 13
0.275599 1
0.155959 1
0.187264 1
0.156726 1
0.373111 11
0.163766 11
0.139950 11
1.080593 9
0.195713 9
0.504247 9
1.643746 18
0.002247 131
0.000121 15
0.914876 1
0.066463 3
0.436147 1
0.472404 1
0.456119 1
0.140014 3
0.095127 1
0.585039 1
2.107417 3
0.791899 1
0.388083 1
3.168095 1
1.631722 1
2.716292 1
0.380092 1
0.307752 1
0.230199 1
0.984077 1
0.605828 1
0.691992 1
0.344098 1
2.011805 1
0.776086 3
0.632014 1
0.964800 18
0.003074 131
0.000123 15
2.783066 16
0.420087 1
0.171659 1
0.148079 1
0.725905 7
0.438675 4
0.187788 4
0.567973 4
2.828851 3
1.116099 1
0.232054 18
0.003502 159
0.000398 131
0.000127 15
24.387646 1
0.068377 3
0.352059 1
0.059456 1
0.412999 1
0.007770 1
0.795493 3
0.148116 3
0.799995 1
0.107561 1
1.984190 1
0.920215 1
0.107543 1
0.112172 1
0.092080 1
0.356264 1
0.235837 1
0.404237 1
0.239792 1
1.195970 1
0.488173 1
0.071790 1
0.311811 1
0.096034 1
0.496341 3
0.103809 1
0.811927 1
0.139809 1
0.444192 1
2.204527 18
0.002837 131
0.000190 15
14.460868 1
0.095797 3
0.332020 1
0.427879 1
0.035936 1
1.243960 1
0.680024 1
0.476000 1
0.120236 1
1.684527 3
0.067367 1
1.260264 1
0.527929 1
0.111478 1
0.304444 1
0.051781 1
0.179990 1
1.340101 1
0.320278 1
1.848026 18
0.002207 131
0.000138 15
2.093353 1
0.083710 3
0.948576 1
0.091583 1
0.464432 1
1.363776 1
1.040063 1
0.295805 1
0.156017 1
1.320085 3
0.159695 3
0.216489 3
1.035765 1
0.812799 1
0.495263 1
0.400067 1
0.091867 1
0.376424 1
0.480005 1
2.951686 1
0.352024 1
0.562854 1
0.584995 3
0.044167 3
0.272104 3
0.055691 3
0.424405 3
0.127835 3
0.313078 3
0.495831 18
0.003330 57
0.002457 131
0.000085 15
18.601420 1
0.123349 3
0.328432 1
4.384084 1
0.147651 1
0.236299 1
0.916060 1
0.147568 1
0.292268 1
0.155615 1
0.316259 1
1.048173 1
0.868314 18
0.035041 100
11.540780 1
0.079465 1
0.280246 1
0.411880 1
0.095706 1
1.224526 1
0.147531 1
0.544446 1
0.088204 1
1.475520 4
0.180311 4
0.139586 4
0.139913 1
0.684390 1
0.272095 1
0.063628 1
0.264790 4
4.580066 1
0.043205 1
0.556524 1
1.323516 1
0.132959 1
0.539197 1
3.076057 4
0.143743 4
0.156099 4
0.996452 1
0.131639 1
0.288509 1
0.351581 1
0.920283 1
0.883673 1
0.099717 1
0.056162 1
0.616599 1
1.003266 1
0.124221 1
0.108115 1
2.603745 1
0.540296 1
0.075523 1
0.236391 1
0.495924 1
0.488336 1
3.427736 1
0.087922 1
0.168525 6
2.523985 1
0.027315 1
0.184380 1
0.296336 1
0.207821 1
1.099867 1
0.863650 4
0.728106 1
0.092184 3
1.331859 255
0.005845 100
5.274145 1
0.060173 1
1.440203 4
0.159686 4
0.139678 1
0.636168 1
0.064289 1
0.251566 1
1.076317 1
0.072063 1
0.364100 6
1.472247 11
0.000161 116
0.787746 1
0.028268 1
0.291183 1
0.131918 1
0.240093 1
0.432201 11
0.002789 144
0.000501 116
18.112665 1
0.668138 1
0.075602 1
0.972907 1
0.567584 11
0.000057 6
0.002803 131
0.000158 15
1.005541 1
0.279405 3
0.155801 1
0.155773 1
0.396844 18
0.000847 38
0.850525 1
0.268074 1
0.187660 1
0.168148 1
0.708344 11
0.000012 8
0.003618 104
0.000399 22
0.004132 27
0.024999 19
0.001263 400
0.000128 7
0.000655 8
0.194487 1
0.005829 20
0.000298 36
1.204793 30
0.003439 27
0.100187 25
0.005711 42
0.270186 30
0.003375 49
0.422468 7
0.000292 8
0.002595 3
0.000803 18
