0.011981 299
0.165795 6
0.000603 29
0.001929 49
0.000232 200
0.001878 302
0.000138 7
0.000475 6
0.000123 8
2.026149 1
0.005674 20
0.000277 38
0.064986 51
0.003972 27
0.000380 26
0.222287 25
0.003254 26
1.037644 60
0.003837 60
0.252875 7
0.000200 8
0.003625 3
0.000734 25
0.000519 141
0.000192 44
0.004037 38
0.025967 29
0.001825 366
0.000107 7
0.000595 8
1.209957 1
0.006378 20
0.000371 47
0.166212 101
0.006904 16
0.350685 41
0.519990 30
0.648698 30
0.003424 60
0.945494 7
0.000174 8
0.002519 3
0.000474 20
0.002657 11
0.000495 141
0.000199 44
0.003831 38
0.022655 366
0.000086 7
0.000530 8
4.934201 1
0.006427 12
0.000365 41
0.897456 101
0.067869 25
0.003409 26
3.232621 1
0.072021 1
0.767769 1
2.384653 1
0.159203 1
0.372078 1
0.056221 1
4.941026 21
0.000205 1
0.001263 26
0.338298 21
0.000008 1
0.001697 26
9.048878 1
0.500301 1
0.029996 1
0.031339 1
0.032067 1
0.246265 1
0.192405 1
1.128450 15
0.167461 15
0.096174 18
1.152560 15
1.143561 15
0.103701 15
0.236045 18
3.380330 15
0.004237 91
0.223133 4
0.500230 4
0.031603 4
0.035711 4
0.030694 4
0.034890 4
0.116710 27
1.659141 15
0.005920 12
0.073542 1
0.231530 1
0.408721 3
0.095819 1
1.140585 1
0.583332 1
0.231972 1
0.416598 1
1.138988 1
0.332918 1
0.224830 1
0.378946 1
0.256568 1
1.723652 7
0.000205 8
0.003983 3
0.000554 47
0.002943 141
0.000270 44
0.004057 38
0.022886 19
0.001334 337
0.000015 29
0.000209 7
0.000673 8
1.086720 1
0.005270 12
0.000382 61
0.134137 221
0.004824 28
1.013672 83
0.001996 7
0.000186 8
0.003664 3
0.000507 26
0.003081 39
0.000573 141
0.000227 44
0.003905 38
0.024785 19
0.001092 366
0.000163 7
0.000537 8
13.876838 2
0.004116 19
0.351433 52
0.005031 171
0.778897 1
0.919796 4
0.224210 19
0.006617 12
0.495158 26
0.006083 14
0.028708 33
0.004367 16
0.029836 40
0.004532 18
0.028695 47
0.004478 20
0.028736 54
0.004491 22
0.027847 61
0.005986 24
0.034987 64
0.004743 22
0.229590 70
0.006483 23
1.001229 73
0.005384 28
0.474729 1
0.135910 1
0.052089 1
1.208695 7
0.000336 8
0.004269 3
0.000745 42
0.002813 141
0.000221 27
0.000009 17
0.004154 38
0.021627 19
0.001068 366
0.000112 7
0.000560 8
1.391140 1
0.005991 12
0.000402 56
0.097447 191
0.376694 7
0.000155 8
0.003436 3
0.000539 26
0.002977 48
0.000536 141
0.000208 44
0.004068 38
0.023502 19
0.001207 366
0.000150 7
0.000634 8
18.026289 1
0.007920 12
0.000318 24
0.069922 18
0.925911 25
0.004320 26
0.000369 27
0.437432 6
0.408519 6
0.683878 6
1.191968 58
0.001846 7
0.000166 8
0.003965 3
0.000556 30
0.003539 10
0.000040 192
0.000660 141
0.000254 44
0.004611 38
0.022673 19
0.001054 366
0.000118 7
0.000684 8
49.081244 1
0.006101 12
0.000513 32
0.064129 18
0.605750 48
0.005321 32
0.070046 46
0.006642 31
0.981952 32
0.005234 16
0.000335 32
0.101725 46
0.003839 43
2.739111 25
0.002831 26
0.658453 167
0.083597 1
0.512705 1
3.719970 1
0.005935 11
0.125668 16
0.146300 33
1.317507 28
0.005691 25
0.102614 16
0.222448 71
0.004773 90
0.681287 101
0.000193 3
0.000039 155
0.000098 1
0.001679 90
0.750732 18
0.000326 3
0.000075 163
1.020817 3
0.000141 166
0.001113 158
0.001163 6
0.004668 130
1.038648 1
0.005633 11
0.097890 16
0.350667 15
0.005529 23
2.000326 16
0.207474 16
0.211841 16
0.148093 16
1.044520 16
0.005674 52
0.582484 1
0.079468 1
1.116738 1
6.495852 7
0.000261 8
0.004887 6
0.000836 49
0.003162 141
0.000319 44
0.004517 38
0.021559 19
0.001203 366
0.000200 7
0.000669 8
27.338020 1
0.005972 12
0.000460 63
0.081453 233
0.004975 18
1.425537 25
0.004586 26
0.143138 6
1.060401 6
1.304090 6
0.144852 1
4.484685 1
0.143798 1
1.076464 1
1.707816 1
0.007929 12
0.135476 18
1.116600 18
0.007592 19
0.116002 1
0.428333 1
0.191466 1
0.083929 1
4.488539 1
0.008658 11
0.187682 16
0.141054 33
0.681336 23
0.008834 7
0.000141 8
0.006878 3
0.000492 60
0.003558 10
0.000062 300
0.003325 9
0.000051 132
0.000684 141
0.000301 44
0.004420 38
0.025584 19
0.001183 366
0.000187 7
0.000782 8
33.733169 1
0.005801 12
0.000435 50
0.449353 155
0.004427 50
0.229981 25
0.003059 26
0.132938 6
0.184565 6
1.899615 6
1.539811 6
0.005049 11
0.162939 21
0.812420 21
0.095497 21
0.520516 21
0.135582 21
0.148031 21
0.393947 164
0.006005 18
0.318049 1
0.006799 11
0.412994 16
0.006757 14
1.129177 3
0.006214 11
0.937585 16
0.432361 16
0.079872 16
0.572186 7
0.000246 8
0.004942 31
0.000689 30
0.003109 141
0.000199 44
0.004054 38
0.023316 19
0.001436 366
0.000127 7
0.000605 8
1.948925 1
0.005371 12
0.000330 44
0.062287 119
0.004996 37
0.509595 137
0.002096 7
0.000208 8
0.003923 3
0.000835 26
0.002992 91
0.000533 141
0.000244 44
0.004018 38
0.023501 19
0.001340 366
0.000168 7
0.000587 8
3.260913 1
0.005310 12
0.000461 24
0.068431 18
0.774082 25
0.004974 26
0.000467 36
0.433065 6
0.704290 6
0.068953 119
0.488396 1
0.007009 11
0.224784 16
0.098795 16
0.005807 29
1.663827 7
0.000164 8
0.005094 3
0.000938 34
0.003177 83
0.000542 141
0.000224 44
0.004065 38
0.023048 19
0.001117 366
0.000127 7
0.000644 8
25.856559 1
0.006404 20
0.000616 49
0.083234 30
0.003173 27
0.325113 25
0.663940 18
0.003345 19
0.464542 6
0.004999 11
0.170455 21
0.423264 20
0.004384 23
0.454712 21
0.000284 3
0.000083 181
0.000105 1
0.001594 23
0.585928 79
0.000241 3
0.000073 180
0.557626 3
0.000043 154
0.005090 37
0.000163 3
0.000076 155
0.202234 34
0.000380 3
0.000167 171
7.563837 23
1.704543 7
0.004657 7
0.000177 8
0.003616 6
0.000655 29
0.024739 80
0.000453 52
0.000057 7
0.001669 83
0.000581 3971
0.000042 2520
0.024912 271
0.000605 4020
0.000021 2537
9.108818 21
0.000065 84
0.676944 28
0.280118 28
0.211927 28
0.196377 28
0.218889 29
0.984091 37
0.500916 37
0.033738 37
0.030629 37
0.032046 37
0.032891 1
0.649198 1
0.624012 1
1.435088 29
0.229321 29
0.512607 37
0.183273 37
0.754814 32
0.301736 32
0.335873 32
0.139918 32
0.240046 33
2.815936 42
0.171813 37
0.220040 37
1.143962 37
0.998952 32
0.365018 32
0.219969 32
0.076084 32
0.592032 33
1.060147 40
0.348079 33
0.380905 33
0.371840 28
0.247914 28
3.680179 38
0.108039 49
1.134257 53
1.204404 53
1.319974 46
0.272086 1
0.764221 1
0.551888 1
0.000064 20
0.000061 14
0.002976 16
0.000606 70
0.002673 141
0.000318 44
0.005117 38
0.024327 19
0.001239 461
0.000119 7
0.000581 8
4.408125 1
0.005619 20
0.000366 38
0.101355 51
0.006425 32
0.900833 41
0.003149 38
0.860358 18
0.002993 19
2.478082 90
0.621039 1
0.211282 3
0.500652 3
0.004573 12
0.026323 10
0.004895 14
0.025733 17
0.003775 16
0.033910 24
0.004823 18
0.028257 31
0.004368 20
0.025903 38
0.003909 22
0.035279 45
0.003926 24
0.028481 48
0.004081 22
0.026141 54
0.004246 23
0.031884 61
0.004225 25
0.034476 67
0.003834 26
0.028005 73
0.003808 27
0.036448 79
0.005756 28
0.178490 85
0.005612 29
0.150087 91
0.003997 30
0.103888 95
0.004677 11
0.000324 25
0.069995 21
2.567964 21
0.475486 21
0.000127 3
0.000060 277
0.000141 1
0.001243 23
0.741258 79
0.000614 3
0.000059 276
0.900470 3
0.000127 83
0.000021 167
0.004669 37
0.000154 3
0.000071 251
0.195221 34
0.000215 3
0.000036 267
0.639972 23
3.621685 15
0.006052 22
0.149964 18
0.005873 17
0.902260 8
0.143429 8
0.408363 1
0.167876 1
0.387984 1
0.432185 1
0.005950 20
0.066027 30
0.235839 30
0.006840 38
0.032930 18
0.005513 19
2.358887 1
0.007175 11
0.234957 10
0.006834 29
1.226749 16
0.199879 30
1.216696 28
0.006967 25
0.100686 16
0.250734 71
0.005952 90
1.515687 16
0.359371 16
0.616277 16
1.064564 7
0.000159 8
0.005437 6
0.000560 56
0.002220 30
0.001919 30
0.000435 141
0.000167 44
0.004031 38
0.023552 19
0.001246 366
0.000126 7
0.000633 8
55.838765 1
0.006000 20
0.000352 51
0.079824 30
0.292407 41
0.663970 30
0.127716 30
0.003505 60
0.096776 18
0.003164 19
1.482434 71
0.004784 11
0.067398 16
0.235644 16
0.256118 22
0.004179 29
1.367980 16
0.112131 16
0.157213 29
2.790517 28
0.004334 66
0.127494 1
0.456257 1
0.127446 1
0.456801 1
0.099391 1
0.084063 1
4.365237 7
0.000254 8
0.003492 3
0.000471 36
0.003021 141
0.000180 44
0.004258 38
0.021299 19
0.001221 366
0.000122 7
0.000553 8
43.508609 1
0.006072 12
0.000373 35
0.244870 70
0.004146 31
1.022730 25
0.003189 26
9.074328 95
0.004754 11
0.000626 41
0.032725 21
1.665418 150
0.005775 141
1.102797 19
0.005249 12
0.503121 26
0.006798 14
0.025428 33
0.006277 16
0.029521 40
0.005734 18
0.033546 47
0.004736 20
0.025735 54
0.004718 22
0.028792 50
0.003742 24
0.029544 46
0.005357 22
0.025248 70
0.005109 23
0.028976 77
0.004094 25
0.031026 83
0.005732 26
0.025124 89
0.004571 27
0.026665 95
0.004018 28
0.027549 101
0.003903 29
2.493150 107
0.005330 30
0.495001 113
0.005635 31
0.025884 119
0.004310 32
1.508297 125
0.006015 33
0.397834 131
0.005745 34
0.854573 134
0.091110 16
1.220304 16
0.131747 16
0.448687 16
0.131321 16
0.079963 16
2.748763 16
0.005396 18
9.058273 1
0.095488 1
0.336671 1
0.704064 1
0.368153 1
0.107330 1
0.052567 1
0.896624 7
0.000285 8
0.004560 3
0.000604 38
0.002847 141
0.000245 44
0.004175 38
0.022328 19
0.001343 366
0.000169 7
0.000614 8
0.469900 26
0.005417 144
0.486339 1
0.499902 1
0.029750 1
0.030804 1
0.038617 1
0.032130 1
0.034853 1
0.033090 1
0.032171 1
0.035819 1
0.032804 1
0.032823 1
0.036807 1
0.032227 1
0.031309 1
0.032630 1
0.034485 1
0.036315 1
0.035418 1
0.037693 1
0.032880 1
0.036199 1
0.033006 1
1.404409 137
0.006441 95
0.342208 67
0.711540 67
0.005640 85
1.849441 4
0.500053 4
0.029971 4
0.035626 4
0.032925 4
0.040931 4
0.036006 4
0.038560 4
0.032793 4
0.032960 4
0.033882 4
0.031948 4
0.033027 4
0.029564 4
0.032251 4
0.038418 4
0.031683 4
0.709784 4
0.336010 4
0.693193 34
0.006423 56
0.889301 7
0.000136 8
0.005319 3
0.000975 42
0.002986 141
0.000184 44
0.004265 38
0.023971 19
0.001243 366
0.000136 7
0.000714 8
7.008020 1
0.005330 20
0.001953 30
1.028654 32
0.004089 50
0.202082 106
1.373800 1
0.006188 20
0.000427 56
0.035417 30
0.002996 27
0.349220 25
0.002939 26
0.938881 119
0.004425 11
0.106941 16
0.308314 16
0.004936 21
0.839027 3
0.004413 17
0.083481 16
0.603105 21
0.000529 3
0.000068 135
0.000126 1
0.001408 23
0.899731 20
0.000391 3
0.000083 145
0.457033 3
0.000080 148
0.004440 37
0.000195 3
0.000066 154
1.771424 23
4.013462 15
0.005520 21
0.162685 16
0.567643 16
0.495721 16
0.005408 28
1.043024 1
0.231955 1
1.188491 3
0.155324 3
1.084194 1
0.071913 1
0.304192 1
0.399966 1
6.804779 7
0.000153 8
0.004401 6
0.000626 31
0.003771 141
0.000271 44
0.004255 38
0.022392 19
0.001158 366
0.000127 7
0.000612 8
2.001735 1
0.006687 20
0.000444 53
0.050703 30
0.002410 27
0.338130 25
0.003525 26
0.728578 6
0.004233 11
0.133934 19
0.004346 23
0.631315 21
0.000180 3
0.000086 158
0.000074 1
0.001457 23
0.962170 113
0.000233 3
0.000078 145
0.569273 3
0.000072 77
0.000052 71
0.004627 23
3.908955 15
0.005242 21
1.663159 16
0.091469 16
0.005616 21
0.398653 3
0.005673 17
0.005887 16
0.820698 16
0.592241 16
0.006069 35
0.085243 1
0.007193 1
0.421090 1
0.215827 1
0.383741 3
0.056270 1
0.331673 3
0.152088 3
0.140637 3
0.304185 3
0.627288 1
0.372817 1
0.183108 1
0.688958 7
0.000204 8
0.004599 6
0.000619 32
0.003475 141
0.000212 44
0.004153 38
0.025893 19
0.001400 366
0.000158 7
0.000675 8
19.306123 1
0.005863 12
0.000467 56
0.022394 191
0.003992 22
2.598216 25
0.005138 26
0.842713 6
0.621114 41
0.131905 1
0.227894 1
2.508534 1
0.939917 1
0.007050 11
0.060265 16
0.172197 16
0.007558 21
0.588675 1
0.559517 1
0.197810 1
0.153693 1
0.140167 1
0.184696 1
0.228248 15
0.451494 4
0.107462 4
0.164089 4
0.155923 4
0.159926 4
0.216659 5
0.243738 4
0.340426 3
0.006632 11
0.097236 16
0.006493 14
0.425620 3
0.006763 11
0.361420 16
0.303724 16
0.104176 16
0.140655 28
0.000244 3
0.000110 150
0.000133 1
0.001653 29
1.435822 24
0.000388 3
0.000038 84
0.000051 84
0.263016 3
0.000174 159
0.006147 34
0.000215 3
0.000061 169
1.594487 91
0.002947 7
0.007418 76
0.195021 30
2.711675 15
0.007734 21
0.208333 16
0.218188 16
0.007050 29
0.992692 28
0.000182 6
0.000057 169
0.000119 1
0.001781 29
0.951168 19
0.000137 3
0.000093 186
1.362267 3
0.000078 177
0.001120 183
0.001328 6
0.006768 156
0.860953 1
0.008132 11
0.123581 16
0.380385 16
0.322174 22
0.007165 29
0.391599 28
0.000208 6
0.000086 187
0.000061 1
0.001510 29
0.444662 19
0.000352 3
0.000090 204
0.181827 3
0.000103 77
0.000063 118
0.008186 29
0.000183 3
0.000044 190
0.559033 23
0.484647 7
0.008905 7
0.000155 8
0.005570 6
0.000589 64
0.002997 210
0.000560 141
0.000152 27
0.000088 17
0.004527 38
0.027940 19
0.001233 366
0.000268 7
0.000727 8
18.003968 1
0.003878 12
0.000558 56
0.081924 18
5.284294 25
0.003530 26
2.250640 167
0.004609 11
2.270755 16
0.127337 16
0.004485 21
0.560180 3
0.005030 17
36.522942 16
0.254561 22
0.003571 29
0.574032 28
0.000348 3
0.000150 141
0.001694 29
0.765622 19
0.000367 3
0.000065 157
1.417592 3
0.000108 148
0.001330 89
0.001354 6
0.004351 72
1.230842 1
0.005951 11
0.101829 16
0.237128 30
3.630820 6
0.000081 261
0.000101 1
0.001415 6
0.944251 16
0.000410 3
0.000123 273
0.360229 3
0.000063 189
0.006621 37
0.000232 3
0.000100 190
5.674247 23
0.316533 6
0.000229 254
0.002022 6
0.599998 16
0.000235 3
0.000106 265
0.735406 3
0.000123 210
0.007322 23
0.266836 6
0.000210 253
0.000194 1
0.001838 6
0.295645 21
0.000193 3
0.000056 121
0.000106 149
0.671454 3
0.000054 232
0.007492 23
0.267386 18
0.007882 51
0.306540 28
0.000202 6
0.000064 242
0.000157 1
0.001467 29
0.582314 24
0.000317 3
0.000069 260
0.553962 3
0.000168 251
0.002012 14
1.422196 23
0.008347 7
0.000364 8
0.006707 6
0.000598 70
0.002772 141
0.000216 44
0.004404 38
0.026578 19
0.001312 366
0.000147 7
0.000719 8
1.617594 1
0.005178 12
0.000368 66
0.032588 18
2.364018 233
0.002112 7
0.000196 8
0.003595 3
0.000658 26
0.003205 25
0.000531 141
0.000246 44
0.004270 38
0.023371 19
0.001246 366
0.000227 7
0.000643 8
3.421810 1
0.005946 20
0.000399 36
0.395695 30
0.003074 27
0.116699 25
0.006550 42
0.374363 30
0.002922 49
1.818682 7
0.000225 8
0.002920 3
0.000656 18
