0.012235 299
0.171472 6
0.000203 29
0.001586 49
0.000235 173
0.002050 300
0.000141 7
0.000493 6
0.000120 8
1.048651 1
0.005965 20
0.000394 51
0.256702 125
0.006001 16
0.101654 55
0.304035 30
0.499907 32
0.136047 43
0.003940 16
0.162900 41
0.084170 30
0.555842 30
0.003238 60
0.526455 7
0.000151 8
0.002407 3
0.000584 20
0.002699 11
0.000631 114
0.000226 22
0.003924 27
0.023054 300
0.000136 7
0.000648 8
2.001027 1
0.005608 20
0.000319 50
0.637141 30
0.552130 41
0.115570 30
0.108030 30
0.002388 60
1.977656 18
0.003362 19
0.340669 6
0.067767 6
0.255869 6
1.068683 6
0.087299 6
0.348718 6
0.443450 6
0.320320 6
0.083398 6
0.644600 6
0.589255 1
0.340087 1
0.115811 1
0.035586 1
2.472601 1
0.011775 20
0.116698 30
0.223459 30
0.756319 30
0.095776 30
0.006472 60
0.993736 18
0.006028 19
1.229797 1
0.075383 1
0.312446 1
0.976407 1
0.523717 1
0.216111 1
0.115634 1
0.396109 1
0.792266 1
0.095765 1
0.071844 1
3.024668 7
0.000180 8
0.005898 3
0.000601 52
0.006387 114
0.000237 22
0.003850 27
0.023998 19
0.001157 300
0.000115 7
0.000740 8
2.024979 1
0.005412 20
0.000415 49
0.079702 30
0.003106 27
0.218602 102
0.006674 42
0.409703 30
0.204257 32
0.223241 43
0.003458 27
0.000385 28
0.667106 25
0.087520 18
0.003488 19
1.145130 6
0.003907 11
0.191514 21
0.276425 110
0.511638 7
0.004381 7
0.000296 8
0.003843 3
0.000646 28
0.025823 138
0.002698 65
0.000020 18
0.000489 4071
0.000016 137
0.012132 115
0.000023 156
0.000808 1986
0.000119 2037
0.000013 250
1.928251 21
0.000080 83
7.946963 30
0.397673 28
0.323883 36
0.168020 36
0.534386 31
0.189047 31
0.244248 31
0.092060 31
0.244088 32
1.075085 30
0.183602 29
0.131923 29
0.857578 57
0.075846 55
0.451068 29
0.147557 29
0.152144 30
0.344966 41
0.176043 28
0.832296 36
0.399860 36
1.328309 36
0.503734 36
1.142671 31
0.341214 31
0.636387 31
0.239842 31
0.411821 32
0.592945 31
0.138854 31
1.975015 29
0.115922 29
0.211809 30
0.401528 57
0.214613 29
1.141540 48
0.554720 29
0.299740 29
0.289550 41
0.151821 36
0.275870 36
0.519875 36
6.031295 31
0.196906 31
0.199982 31
0.356042 31
0.311914 32
0.680137 39
1.132214 32
0.091725 31
1.132435 43
0.163340 38
0.163931 38
0.240517 38
0.882393 32
0.317331 32
0.403921 32
0.079830 32
0.436368 33
0.196012 32
0.519859 43
0.364461 38
0.175666 38
0.148128 38
0.670523 32
0.457228 32
0.207767 32
0.087885 32
1.224326 33
3.711978 31
0.167861 31
0.356246 40
1.044210 40
0.291801 43
0.148068 38
0.131835 39
0.488236 38
0.734496 32
0.385510 32
0.171554 32
0.184268 32
0.287837 33
0.244109 32
0.196210 32
3.269663 40
0.114984 17
0.000288 35
0.830792 55
1.623691 55
0.627769 55
0.660782 55
0.595228 47
0.708250 1
0.283831 1
0.588219 1
0.000030 20
0.000086 13
0.003288 17
0.000595 70
0.002124 114
0.000334 22
0.004466 27
0.028066 424
0.000547 8
2.230475 1
0.005642 20
0.000312 38
0.041533 51
0.005574 30
0.337904 41
0.006568 38
0.153067 18
0.003233 19
1.782808 83
0.008579 36
0.057504 21
0.323987 21
0.649494 100
0.654382 7
0.004432 7
0.000386 8
0.003886 3
0.000705 28
0.002962 114
0.000498 114
0.000306 22
0.003920 27
0.022966 19
0.000994 300
0.000160 7
0.000572 8
0.931854 1
0.005906 20
0.000338 49
0.180081 30
0.352006 41
0.003106 38
0.729204 18
0.003085 19
0.484767 6
0.004168 11
0.071654 21
0.250726 110
1.177696 7
0.004261 7
0.000160 8
0.003530 3
0.000487 28
0.002443 102
0.000023 12
0.000454 114
0.000274 22
0.003964 27
0.021183 19
0.001039 300
0.000113 7
0.000591 8
1.154681 1
0.007005 20
0.000314 49
0.051739 30
0.363803 41
0.003049 38
0.288902 18
0.003159 19
0.129540 71
0.004492 27
0.286345 6
0.248028 6
0.772302 6
0.005021 11
0.070683 21
0.320108 105
0.503668 7
0.007133 15
0.002459 3
0.000725 31
0.002527 261
0.000486 114
0.000196 22
0.004174 27
0.030398 19
0.001244 300
0.000205 7
0.000763 8
4.568026 1
0.005811 20
0.000330 46
0.425555 95
0.004207 27
0.151551 25
0.003657 26
1.360415 1
0.004660 11
0.106868 16
0.412340 33
0.886847 7
0.004939 7
0.000194 8
0.003670 3
0.000528 26
0.002596 211
0.000052 50
0.000470 114
0.000176 22
0.003727 27
0.027736 19
0.001072 300
0.000233 7
0.001065 8
42.138912 1
0.007018 91
0.096923 245
0.006633 18
0.083915 41
0.003152 38
0.136876 18
0.002944 19
0.432988 6
0.097628 6
0.672232 1
0.516197 7
0.000165 8
0.003414 3
0.000621 20
0.030318 25
0.034156 1053
0.000017 488
29.995807 389
0.000030 257
0.054989 161
0.000119 399
0.000021 109
3.394286 28
0.002653 114
0.000402 22
0.004914 27
0.026049 19
0.001550 396
0.000127 7
0.000675 8
0.927558 7
0.004777 34
0.450272 41
0.004459 88
0.687526 87
0.005527 86
0.706767 1
0.499837 1
0.030908 1
0.045082 1
0.030748 1
0.033739 1
0.034195 1
0.031143 1
0.030342 1
0.031255 1
0.039256 1
0.030139 1
0.413669 73
0.095982 72
0.272141 7
0.000171 8
0.003856 3
0.000525 31
0.002689 94
0.000683 114
0.000292 22
0.004022 27
0.024242 19
0.001208 300
0.000275 7
0.000656 8
69.333062 1
0.007839 72
0.099080 30
0.187794 41
0.002976 38
0.153154 18
0.003270 19
1.064995 6
0.420871 83
0.180206 1
0.908584 1
0.005497 11
0.217956 16
0.126760 33
0.663323 7
0.005853 7
0.000215 8
0.004964 3
0.000472 31
0.002035 156
0.000508 114
0.000306 22
0.003988 27
0.021808 19
0.001195 300
0.000155 7
0.000572 8
13.600053 1
0.006288 20
0.048754 30
0.172724 41
0.504426 30
0.436134 32
0.051615 30
0.003702 49
1.016941 18
0.003979 19
0.130948 1
0.716427 1
0.087791 1
1.415964 1
11.396510 1
0.063386 1
0.600137 3
0.544127 3
0.380183 1
0.259736 1
0.006145 11
0.057726 16
0.267450 33
1.051055 7
0.005922 7
0.000191 8
0.004530 3
0.000517 35
0.006229 38
0.000416 114
0.000329 22
0.005060 27
0.028394 19
0.001055 300
0.000056 7
0.000619 8
3.925712 21
0.007675 98
0.304531 1
0.500735 1
0.030381 1
0.030934 1
0.030333 1
0.044056 1
0.030876 1
0.036230 1
0.031462 1
0.165147 1
0.188899 1
0.174889 1
0.742957 73
0.039120 72
0.173722 1
0.501884 1
0.033135 1
0.030950 1
0.029966 1
0.306313 95
0.008312 42
0.160012 118
0.119965 107
0.159888 87
0.008200 33
0.632161 113
0.007969 44
0.095945 106
0.427942 117
0.227652 106
0.006028 49
0.563159 7
0.000204 8
0.005061 3
0.000538 35
0.003905 36
0.000439 114
0.000264 22
0.004430 27
0.027758 19
0.001217 300
0.000139 7
0.000728 8
8.606458 1
0.005933 20
0.000349 77
0.045783 281
0.428171 41
0.163833 30
0.003379 49
3.932567 18
0.003682 19
1.504557 1
0.008121 11
0.063637 16
0.329994 33
0.476429 7
0.009028 15
0.000098 3
0.000740 30
0.003399 114
0.000643 114
0.000271 22
0.004152 27
0.028390 326
0.000159 8
3.183097 1
0.006366 20
0.000396 50
0.071261 30
0.400181 41
0.192171 30
0.003502 49
0.684101 18
0.003298 19
0.218213 71
0.400484 1
0.331374 1
0.452663 1
0.005093 11
0.078700 16
0.282784 33
0.856099 7
0.006081 7
0.000171 8
0.004279 3
0.000703 33
0.002801 114
0.000464 114
0.000189 22
0.003884 27
0.023273 19
0.001216 300
0.000133 7
0.000739 8
3.681268 1
0.006503 20
0.000410 36
0.451258 30
0.003028 27
0.109132 25
0.006238 42
0.177797 30
0.003234 49
0.142293 18
0.006071 64
0.442016 32
0.004117 49
2.236025 7
0.000202 8
0.002698 3
0.000568 18
