0.011785 299
0.156173 6
0.000176 29
0.001644 49
0.000265 200
0.001568 302
0.000124 7
0.000572 6
0.000116 8
1.359357 1
0.006963 20
0.000354 38
0.101649 30
0.216679 41
0.159657 30
0.387958 30
0.003236 60
0.166409 7
0.000195 8
0.002649 3
0.000633 20
0.002589 11
0.000468 141
0.000230 22
0.003909 27
0.023173 302
0.000310 7
0.000555 8
1.801253 1
0.005464 20
0.000453 38
0.046053 51
0.003511 27
0.000349 26
0.958225 66
0.004303 60
0.630319 7
0.000235 8
0.003541 3
0.000454 25
0.000403 141
0.000137 44
0.004511 38
0.026909 29
0.001324 366
0.000132 7
0.000684 8
1.793219 1
0.006978 20
0.000399 47
0.663022 30
0.383703 41
0.131869 30
0.228296 30
0.003362 60
0.524819 18
0.003244 19
0.760601 6
0.135631 6
0.216262 6
0.196187 6
0.599702 6
0.192001 6
0.187886 6
2.729823 7
0.000190 8
0.003541 3
0.000708 28
0.003523 141
0.000255 44
0.003948 38
0.022996 19
0.001122 366
0.000149 7
0.000654 8
10.574987 1
0.005530 12
0.000330 24
0.092431 18
0.669513 25
0.003950 26
0.000392 18
0.398615 6
0.847911 6
0.120643 13
0.006135 12
2.608683 7
0.002143 7
0.000167 8
0.004883 3
0.000580 30
0.003403 9
0.000091 120
0.000687 141
0.000213 44
0.003853 38
0.022919 19
0.001196 366
0.000120 7
0.000614 8
6.275316 6
0.005742 27
0.984357 1
0.091419 7
0.000184 8
0.003977 3
0.000716 31
0.003596 9
0.000118 120
0.000504 141
0.000180 44
0.003634 38
0.025113 19
0.001224 366
0.000113 7
0.000609 8
6.248555 1
0.006034 12
0.000349 34
0.107396 18
0.932625 25
0.004194 26
0.127010 6
0.736514 6
0.417408 13
0.005448 12
1.005197 6
0.857725 7
0.000175 8
0.004128 3
0.000503 31
0.003134 10
0.000137 265
0.000620 141
0.000323 44
0.004136 38
0.026122 19
0.001261 366
0.000126 7
0.000702 8
2.554022 1
0.006080 20
0.000307 36
0.304555 30
0.003349 27
0.120204 25
0.005595 42
0.346777 30
0.003021 49
0.695079 7
0.000181 8
0.002746 3
0.000510 18
