0.011775 299
0.166874 6
0.000449 29
0.001677 49
0.000300 193
0.002148 302
0.000173 7
0.000687 6
0.000136 8
2.876033 1
0.010200 36
0.026706 18
0.357884 25
0.004716 26
0.000350 32
3.387373 107
0.004348 11
1.467785 16
0.363863 16
0.005624 18
0.514355 1
0.005667 12
0.513882 18
0.006868 19
2.565148 1
0.009790 11
0.029645 16
0.251816 36
1.301224 28
0.007804 85
0.227623 1
0.392139 1
0.683982 1
0.780309 1
0.135244 1
2.336707 1
0.119476 1
0.191827 1
2.628944 7
0.000262 8
0.005281 3
0.000510 52
0.003332 134
0.000162 22
0.003690 27
0.024141 19
0.001008 302
0.000151 7
0.000585 8
44.908607 1
0.005689 20
0.000404 77
0.141907 281
0.003510 27
0.000412 49
0.231954 228
0.005837 42
0.502504 43
0.003479 27
0.004761 49
0.141741 25
0.007012 42
0.785502 30
0.003312 70
0.016509 31
0.003412 33
0.682183 191
0.007642 20
0.000406 52
0.117927 30
1.053911 245
0.007204 26
0.472801 95
0.004527 49
0.155399 18
0.008334 64
0.303461 30
0.005018 71
0.387062 18
0.004213 19
0.495952 1
0.784007 1
0.891766 1
1.348310 1
0.006411 11
0.157172 16
0.294469 36
1.569944 28
0.006179 25
0.213285 16
0.253804 31
3.573243 7
0.006560 7
0.000272 8
0.005025 3
0.000549 51
0.012065 26
0.850626 1
0.287943 1
0.243958 1
0.187972 1
0.164081 1
0.131822 1
0.259990 1
0.336108 1
0.416154 26
0.056572 134
0.000292 22
0.004593 27
0.025585 336
21.835137 1
0.005493 12
0.000450 54
0.442567 179
0.005953 28
0.397896 102
0.005831 54
0.104287 18
0.582176 14
0.000160 3
0.000107 458
0.000065 1
0.001189 19
1.022261 180
0.006443 64
0.305934 36
0.000266 10
0.000055 169
0.000060 1
0.001329 41
3.588551 18
0.005930 53
0.169416 30
0.256094 30
0.003438 71
0.348433 18
0.003174 19
1.070479 238
0.004556 11
0.062861 16
0.271069 36
2.625508 28
0.005603 25
0.748883 32
1.100303 7
0.004659 7
0.000227 8
0.003331 8
0.000765 43
0.002460 45
0.000599 134
0.000051 22
0.004519 27
0.022630 19
0.001048 302
0.000125 7
0.000727 8
19.512431 1
0.005786 20
0.000433 54
0.060058 30
0.116197 41
0.272599 30
0.003032 49
0.356286 18
0.003378 19
0.638285 95
0.005322 11
0.094254 37
0.779968 75
0.000188 3
0.000140 148
0.000026 1
0.002229 65
0.801129 24
0.000237 3
0.000121 170
0.874128 3
0.000084 161
0.004548 23
0.952102 7
0.004279 7
0.000174 8
0.003338 6
0.000466 39
0.005791 8
0.000078 54
0.000042 13
0.000417 58
0.000059 87
0.000478 261
0.000023 290
0.000116 220
0.000021 39
0.000028 143
11.039512 6
0.000015 74
0.000057 17
3.155975 6
0.000173 57
0.000007 8
0.000881 134
0.000295 22
0.005308 27
0.024971 19
0.002081 413
2.788661 1
0.006217 20
0.000282 36
0.593810 44
0.006029 38
0.079934 41
0.308449 30
0.003138 49
0.055376 37
2.853418 6
0.004146 12
0.537290 131
0.585583 1
2.349009 18
0.269053 18
0.681942 4
0.686674 18
0.005099 19
1.279021 1
0.006370 12
0.104934 18
0.005267 19
3.411181 1
0.006131 11
0.106992 37
1.226922 28
0.008507 25
0.240370 32
0.637051 7
0.006460 7
0.000214 8
0.004652 3
0.000575 46
0.000256 52
0.000255 134
0.000185 22
0.004228 27
0.027484 19
0.002373 321
10.527909 1
0.006293 20
0.000656 38
0.112206 51
0.003812 27
0.000429 46
0.406389 25
0.003017 26
3.047372 185
0.004939 11
0.049813 16
0.271070 36
1.921017 28
0.005022 25
0.246955 16
0.418523 31
2.410490 15
0.006093 21
0.076946 16
0.219060 36
1.945195 28
0.005053 25
0.178936 16
0.451992 16
0.928145 16
0.892141 16
0.547490 16
0.005666 107
0.118734 1
0.200381 1
0.375940 1
0.603743 1
0.435727 1
0.143656 1
0.028138 1
0.920835 7
0.000173 8
0.005359 3
0.000500 60
0.003458 134
0.000291 22
0.003563 27
0.020539 19
0.001164 302
0.000158 7
0.000617 8
1.795521 1
0.004959 12
0.000548 53
0.024651 18
1.350507 174
0.005130 26
0.000496 40
1.514019 155
0.005325 51
0.777164 6
0.056795 215
0.004283 18
1.264103 27
0.006197 11
0.057417 16
0.243269 36
0.467672 23
0.005915 7
0.000192 8
0.005722 43
0.002986 184
0.000683 134
0.000315 16
0.000025 6
0.004362 27
0.023947 19
0.001081 302
0.000210 7
0.000649 8
4.523696 1
0.005738 20
0.000414 82
0.077646 311
0.011639 56
0.270821 41
0.003331 38
0.364607 18
0.004084 19
0.921841 239
0.004451 11
0.000376 29
0.069789 21
0.283282 26
0.004106 29
1.674237 86
0.739492 16
0.004764 42
0.183278 1
0.188037 1
1.264383 27
0.000015 1
0.001548 32
1.015281 1
0.219760 1
0.188008 1
0.151878 1
0.158264 1
0.154024 1
0.147693 1
0.132232 1
0.622471 13
0.103787 13
0.424062 13
0.124707 30
0.001266 34
1.062338 13
0.059639 13
0.292590 13
0.299732 13
0.240014 16
0.087842 13
0.788340 13
0.131714 13
0.005289 109
0.832237 4
0.252295 32
0.628837 7
0.005166 7
0.000244 8
0.003762 3
0.000630 41
0.002183 309
0.000404 134
0.000185 22
0.003601 27
0.027931 321
0.000134 7
0.001793 8
15.909804 28
0.003970 154
0.503166 1
0.784208 4
2.121999 1
1.929671 1
0.616200 4
0.206389 19
0.008466 12
0.490950 26
0.006043 14
0.024212 33
0.003841 16
0.029546 40
0.004592 18
0.024652 47
0.004375 20
0.028253 54
0.004887 22
0.028163 61
0.004745 24
0.029713 64
0.002701 22
0.023667 70
0.003869 23
0.025920 77
0.003836 25
0.025807 83
0.004169 26
0.026746 89
0.004670 27
0.029588 95
0.000469 28
0.030890 101
0.003786 29
0.027314 107
0.003836 30
0.032135 113
0.004065 31
0.029139 119
0.003977 32
0.030304 125
0.003945 33
0.027820 131
0.003926 34
0.030377 137
0.004921 35
0.027512 143
0.005318 36
0.025347 149
0.003209 37
0.025223 155
0.004258 38
0.029432 150
0.003055 39
0.035952 149
0.003410 40
0.029559 181
0.003508 31
0.000331 41
0.031044 192
0.001977 62
0.021991 178
0.978234 16
0.005396 81
0.150188 107
0.009206 195
0.683353 1
1.363763 1
0.499988 1
0.029307 1
0.429360 37
0.005353 147
0.170557 11
0.579878 11
0.167770 11
0.005618 114
1.736351 1
0.517834 1
0.030105 1
0.030215 1
0.030126 1
0.031647 1
0.032985 1
0.030572 1
0.030158 1
0.030331 1
0.031084 1
0.030597 1
0.029719 1
0.030037 1
0.030706 1
0.030436 1
0.029977 1
0.036099 1
0.036009 1
0.032976 1
0.033240 1
0.032815 1
0.033277 1
0.030814 1
0.034579 1
0.031108 1
0.038389 1
0.032694 1
0.033037 1
0.030535 1
0.033806 1
0.037848 1
0.033125 1
0.030969 1
0.031934 1
0.030131 1
0.035686 1
0.242388 1
0.274512 246
0.005877 20
0.133945 238
0.008198 315
0.971681 336
0.007723 311
0.092204 257
0.380551 268
0.328122 269
0.147881 258
0.551949 257
0.005310 27
0.240000 4
0.500459 4
0.046543 4
0.030727 4
0.029299 4
0.035875 4
0.030357 4
0.030049 4
0.038554 4
0.033079 4
0.030527 4
0.033496 4
0.034924 4
0.035193 4
0.030883 4
0.033161 4
0.033195 4
0.030689 4
0.030903 4
0.032664 4
0.030017 4
0.030385 4
0.038150 4
0.030265 4
0.030050 4
0.030520 4
0.041605 4
0.035827 4
0.031043 4
0.040257 4
0.032969 4
0.033212 4
0.032515 4
0.033448 4
0.032741 4
0.033453 4
0.029785 4
0.036210 4
4.443491 34
0.005189 135
0.057885 9
0.609420 9
0.046880 9
1.137936 9
0.054005 9
1.632749 7
0.000228 8
0.004043 3
0.000534 62
0.003319 97
0.000507 134
0.000255 22
0.004052 27
0.024502 19
0.001089 306
0.000139 7
0.000669 8
10.436356 1
0.003494 12
0.000416 63
0.222830 18
0.211964 25
0.003260 26
1.238247 209
0.004950 11
0.000413 41
0.186593 119
4.816141 128
0.004891 85
0.550903 3
0.004642 65
0.000379 31
0.154996 116
0.063925 16
0.262266 86
0.004355 90
1.201523 16
1.436221 16
0.371762 16
0.439676 16
0.908900 7
0.000176 8
0.003699 3
0.000552 35
0.002793 67
0.000539 134
0.000270 22
0.004051 27
0.021132 19
0.000967 306
0.000133 7
0.000663 8
4.232249 1
0.006200 20
0.000303 66
0.138004 215
0.007372 34
0.464647 150
0.004078 66
0.181773 202
5.114062 1
0.005393 12
0.000331 42
0.096709 18
0.333390 108
0.005738 39
0.312582 18
0.005732 53
0.174009 30
0.569327 80
0.321968 120
0.003974 115
0.367113 19
0.005800 12
0.253265 26
0.005256 14
0.143010 33
0.005447 16
0.126269 40
0.005254 18
0.179051 47
0.005170 20
0.159872 101
0.003848 90
0.824657 101
0.000183 3
0.000077 165
0.000119 1
0.001863 90
0.497218 59
0.000153 3
0.000104 172
0.552916 3
0.000066 175
0.004153 23
0.384218 7
0.004776 7
0.000169 8
0.003373 6
0.000530 47
0.005967 49
0.000308 134
0.000301 22
0.004596 27
0.024866 19
0.001081 302
0.000150 7
0.000631 8
13.831489 1
0.006499 20
0.000452 69
0.122891 30
0.003040 27
0.116549 25
0.005801 42
0.890486 30
0.003353 70
0.116398 31
0.003243 33
0.806615 6
0.007085 20
0.083136 30
0.583344 168
0.008718 163
0.402857 1
0.499593 1
0.029900 1
0.033769 1
0.034035 1
0.052096 1
0.030169 1
0.033388 1
0.030512 1
0.031113 1
0.031005 1
0.030446 1
0.030318 1
0.044632 1
0.030197 1
0.030050 1
0.030089 1
0.029809 1
0.031086 1
0.031145 1
0.030864 1
0.029827 1
0.030266 1
0.415767 4
0.238534 119
0.960506 118
4.796519 7
0.000233 8
0.005059 3
0.000535 51
0.014934 134
0.000261 22
0.003901 27
0.024937 19
0.000095 317
0.482612 35
0.005429 206
0.282412 214
0.004016 137
1.501249 1
0.757712 1
0.177245 1
0.175741 1
0.459056 37
0.004320 147
0.151314 11
0.143865 11
0.163989 11
0.004709 114
1.744209 7
0.000179 8
0.003398 3
0.000676 43
0.002510 45
0.000445 134
0.000212 22
0.004198 27
0.026512 19
0.001090 302
0.000249 7
0.000632 8
30.747640 1
0.006114 20
0.000398 66
0.361398 215
0.003537 27
0.000420 14
0.518635 25
0.006016 42
0.145192 30
0.003411 49
1.211030 7
0.000191 8
0.002867 3
0.000616 18
