0.012918 299
0.167245 6
0.000594 29
0.002319 49
0.000303 170
0.001673 300
0.000118 7
0.000537 6
0.000083 8
1.499326 1
0.006418 20
0.000427 67
0.063758 221
0.003574 27
0.000409 26
0.918642 25
0.002885 26
0.872331 60
0.003667 60
2.899265 7
0.000193 8
0.003197 3
0.000650 25
0.000381 111
0.000180 44
0.004177 38
0.024259 29
0.001240 364
0.000128 7
0.000686 8
6.388119 1
0.005233 20
0.000370 47
0.186032 101
0.003555 27
0.000390 46
0.155448 25
0.003312 26
1.260202 6
0.004486 11
0.051586 21
3.032441 21
0.115504 21
0.331959 21
0.432375 21
0.075725 21
0.968001 21
0.404452 21
0.095447 21
0.083685 21
1.372509 21
0.003981 18
1.156088 6
0.004502 11
0.379614 21
0.645031 14
0.000159 3
0.000056 189
0.000106 1
0.001400 17
0.639310 156
0.000304 3
0.000242 187
0.164541 3
0.000086 178
0.005225 79
0.000178 3
0.000040 182
8.544477 14
0.000192 22
1.426582 74
0.005681 7
0.000297 8
0.004516 6
0.000430 36
0.003587 111
0.000196 44
0.004154 38
0.022085 19
0.001111 364
0.000145 7
0.000599 8
7.630427 1
0.005464 20
0.000309 58
0.120580 30
0.003446 27
1.590484 156
0.005958 42
1.466071 43
0.004129 27
0.000477 37
0.400543 132
0.005002 116
2.649908 16
0.006325 22
0.191912 21
1.812046 21
0.004723 77
0.087166 6
2.048193 6
0.059839 6
0.456008 6
0.312271 6
0.116024 6
4.774237 7
0.000273 8
0.004612 3
0.000851 45
0.003759 111
0.000209 44
0.004608 38
0.024038 19
0.001179 364
0.000131 7
0.000644 8
10.199705 1
0.005786 20
0.000377 76
0.055318 30
0.003384 27
1.184829 25
0.003235 26
0.122043 239
0.004512 11
0.064355 16
2.709456 33
9.965682 15
0.005174 21
0.042955 16
1.510240 33
0.649668 7
0.167850 19
0.139989 19
0.120014 19
0.628040 16
0.005256 58
0.039187 1
0.439828 1
2.672220 7
0.000142 8
0.004143 3
0.000652 38
0.003708 111
0.000213 44
0.004073 38
0.021570 19
0.001068 364
0.000160 7
0.000572 8
3.576926 1
0.005869 20
0.000402 60
0.190443 30
0.003413 27
2.681628 25
0.003759 26
1.555587 6
0.004437 11
0.374449 196
3.674594 15
0.005703 21
0.070219 16
0.111659 16
0.005981 21
0.490232 1
0.374708 3
0.153179 3
0.005292 17
0.062501 16
0.246548 32
2.184211 23
0.004876 7
0.000215 8
0.003994 3
0.000469 34
0.003201 111
0.000256 44
0.004054 38
0.025572 19
0.001383 364
0.000128 7
0.000805 8
11.160593 1
0.005402 12
0.000501 50
0.056429 18
1.500608 25
0.004842 26
1.836485 131
0.005381 16
0.976759 6
0.220159 6
4.443949 6
2.257853 1
1.107628 1
0.004653 11
0.067295 16
0.408447 16
0.280228 32
0.689969 23
0.005057 7
0.000133 8
0.003763 3
0.000476 39
0.003566 10
0.000060 323
0.000673 111
0.000372 44
0.005237 38
0.025081 19
0.001071 364
0.000161 7
0.000629 8
9.407945 1
0.005210 20
0.000217 36
0.320410 30
0.003029 27
0.124937 25
0.006408 42
0.237703 30
0.003440 49
0.622314 7
0.000145 8
0.002400 3
0.000577 18
