0.040369 299
0.165985 6
0.000356 29
0.001987 49
0.000259 163
0.001883 300
0.000280 7
0.000556 6
0.000106 8
1.397521 1
0.006034 54
0.063562 30
0.005603 27
0.157993 25
0.005964 26
2.183438 1
0.004668 11
0.000377 14
0.223717 28
0.005573 14
0.770375 3
0.004408 11
0.000451 14
0.526789 7
0.000163 3
0.000050 158
0.000066 1
0.001373 11
0.503708 12
0.006427 23
0.904402 7
0.000189 8
0.003310 6
0.000788 18
0.000439 104
0.000180 30
0.004033 31
0.030816 29
0.001339 357
0.000144 7
0.000670 8
3.093968 1
0.005521 20
0.000327 69
0.081365 233
0.005708 39
0.141203 41
0.002989 38
1.625317 18
0.003106 19
0.120624 6
0.285376 131
0.006446 103
0.492450 6
2.484192 6
1.412006 6
0.377255 44
0.004582 11
0.000433 54
1.600671 234
0.006935 171
0.755592 1
0.008786 12
0.158496 26
0.007754 14
0.128648 33
0.007879 16
0.136225 40
0.009024 18
0.142699 47
0.007555 20
0.128167 54
0.008015 22
0.124507 61
0.008349 24
0.163215 64
0.008445 22
0.151877 70
0.008719 23
0.147280 66
0.007746 25
0.216194 65
0.007691 26
0.614931 71
0.001890 7
0.000145 8
0.005564 5
0.000737 50
0.003206 22
0.000541 104
0.000257 30
0.003826 31
0.026657 19
0.001265 357
0.000291 7
0.000640 8
4.420717 1
0.005411 20
0.000451 72
0.096168 30
0.388353 41
0.003311 38
0.872931 18
0.003530 19
0.240242 6
2.893217 203
0.004178 40
2.245562 150
0.006266 65
0.293540 1
0.499819 1
0.032126 1
0.030937 1
0.030616 1
0.030221 1
0.031898 1
0.044031 1
0.038091 1
0.030844 1
0.032558 1
0.042606 1
0.033473 1
0.030007 1
0.031333 1
0.037024 1
0.032496 1
0.035497 1
0.030146 1
0.829105 79
0.006733 53
0.673621 7
0.000216 8
0.005920 3
0.000826 45
0.003704 11
0.000019 11
0.000721 104
0.000205 30
0.004220 31
0.022762 19
0.001278 357
0.000105 7
0.000613 8
6.807129 1
0.005410 20
0.000523 66
0.076201 30
0.160276 41
0.002938 38
0.208807 18
0.002854 19
0.977550 6
1.452985 167
0.004372 35
0.219390 6
2.019051 6
0.323796 6
0.748028 6
0.004650 11
1.483714 21
0.327609 21
1.241551 104
0.005669 29
0.456838 21
0.336289 21
0.079388 21
0.112515 21
0.271778 21
0.005582 18
1.734421 6
0.005517 11
0.336551 25
0.005948 29
0.609406 28
0.000228 3
0.000196 180
0.000022 1
0.001555 29
0.622401 61
0.000149 3
0.000048 183
0.133534 3
0.000069 172
0.005797 14
0.000199 8
0.000079 169
0.191590 14
0.000160 8
0.000048 172
0.416036 23
0.927026 7
0.007009 7
0.000148 8
0.004792 6
0.000427 40
0.003018 11
0.000514 104
0.000182 30
0.005322 31
0.022604 19
0.001062 357
0.000129 7
0.000645 8
3.683301 1
0.006376 81
0.107895 30
0.112029 41
0.003073 38
0.113149 18
0.002805 19
0.965156 6
0.409502 137
0.752174 3
0.004793 37
0.365453 6
2.325830 133
0.004881 37
0.526402 137
0.006643 29
0.388631 6
0.379990 6
0.071537 6
0.926203 71
0.005226 11
0.000429 24
0.248719 21
0.954527 36
0.004601 47
0.358099 7
0.000140 8
0.003873 3
0.000590 30
0.003483 177
0.000651 104
0.000204 30
0.003546 31
0.026279 19
0.001379 357
0.000156 7
0.000687 8
10.286817 1
0.005714 20
0.000453 58
0.061581 167
0.003334 27
0.000309 35
1.979224 25
0.002993 26
0.848846 6
0.004700 11
0.195050 21
0.341957 26
0.003613 29
0.996543 110
0.899743 16
0.249503 27
4.158356 15
0.005657 21
0.062590 16
0.199858 16
0.099558 16
0.497467 28
0.000190 3
0.000061 160
0.000123 1
0.001591 29
1.536852 16
0.005009 35
0.855212 3
0.005463 29
0.058195 16
0.696092 16
1.836130 19
0.167735 19
1.160262 16
0.005430 35
0.730593 3
0.005427 29
0.594716 16
0.255874 16
0.888200 16
0.005414 49
0.474707 1
1.483651 3
0.212164 3
0.006591 41
0.781533 16
0.005416 49
2.282075 3
0.005299 41
0.235004 19
0.203510 19
0.499480 19
0.031215 19
0.030551 19
0.031487 8
0.030921 1
0.030879 19
0.033058 19
0.033365 19
0.032548 19
0.037895 19
0.004561 30
0.025303 113
0.004294 31
0.028643 119
0.003644 32
0.026861 125
0.003684 33
0.029931 120
0.003266 34
0.027861 119
0.003649 35
0.030892 144
0.000616 20
0.000250 58
0.026414 154
0.681340 1
0.006408 71
0.561660 125
0.006737 48
0.926556 198
0.005843 201
1.298176 1
0.500089 1
0.034311 1
0.030305 1
0.030729 1
0.030095 1
0.030268 1
0.030388 1
0.029181 1
0.029810 1
0.031193 1
0.031016 1
0.030544 1
0.031708 1
0.030201 1
0.031684 1
0.033541 1
0.031474 1
0.029973 1
0.030088 1
0.425812 135
0.006436 52
0.149612 119
0.159542 119
1.964787 118
0.123522 118
0.049117 118
0.005647 54
0.690963 4
0.163941 4
0.167258 4
0.132515 4
0.192053 4
0.139925 4
0.119796 4
0.236339 4
0.195656 4
0.323101 78
0.006321 56
0.551264 4
0.170113 63
0.140156 63
0.699794 62
0.119872 62
0.348376 62
0.365297 4
0.165955 4
0.181978 4
0.148104 4
0.179748 4
0.148080 4
0.196115 4
0.151767 4
0.148370 4
0.219027 4
0.215177 19
0.151859 19
0.139850 19
1.000413 16
0.005607 49
0.086456 1
0.456344 1
2.427788 1
0.420200 1
0.559802 1
0.006828 11
0.136865 16
0.212094 16
0.115768 16
0.605497 16
0.006403 35
0.156648 1
1.168039 1
0.295863 1
0.295985 1
4.397566 1
0.500358 1
0.029850 1
0.032758 1
0.031069 1
0.030180 1
0.029892 1
0.030014 1
0.029917 1
0.030893 1
0.030210 1
0.031572 1
0.033245 1
0.034560 1
0.031347 1
0.032100 1
0.031841 1
0.032026 1
0.034206 1
0.031254 1
0.030948 1
0.032072 1
0.031361 1
0.032548 1
0.030142 1
0.032585 1
0.032054 1
0.029706 1
0.033164 1
0.555080 7
0.000199 8
0.005924 6
0.000510 61
0.002978 104
0.000210 30
0.003872 31
0.023437 19
0.001367 357
0.000228 7
0.000756 8
8.844194 1
0.006508 100
0.073104 299
0.005755 30
0.124892 41
0.003244 38
0.485077 18
0.003202 19
0.916898 6
0.288943 77
0.004618 47
1.284918 192
0.009484 155
0.302533 1
0.500217 1
0.040667 1
0.032633 1
0.031861 1
0.032280 1
0.038559 1
0.030251 1
0.041040 1
0.030334 1
0.032526 1
0.035393 1
0.034172 1
0.033043 1
0.034702 1
0.031006 1
0.030927 1
0.031286 1
0.029961 1
0.031087 1
0.030611 1
0.030574 1
0.033212 1
0.035068 1
0.030552 1
0.322339 150
0.006514 49
0.147443 124
0.172675 124
0.299539 124
0.692101 123
0.572499 123
0.079521 123
2.860364 123
0.631712 123
0.188765 123
0.066911 123
0.901817 4
0.211884 4
0.155807 4
0.832177 4
1.184442 4
0.499714 4
0.030150 4
0.037060 4
0.031749 4
0.031866 4
0.034425 4
0.030042 4
0.030802 4
0.030075 4
0.030073 4
0.032773 4
0.030320 4
0.030005 4
0.030859 4
0.030928 4
0.032612 4
0.031602 4
0.030274 4
0.029946 4
0.033422 4
0.351410 19
0.499355 19
0.030088 19
0.043431 19
0.030036 19
0.031449 19
0.031314 19
0.030861 19
0.030289 8
0.030621 1
0.032997 19
0.029941 19
0.030231 19
0.031921 19
0.030017 19
0.033011 19
0.032689 19
0.031080 19
0.030593 8
0.038935 1
0.007301 56
2.484236 6
0.005536 11
0.026453 21
1.459157 234
0.008185 162
1.642639 7
0.000220 8
0.007578 3
0.000595 74
0.002843 61
0.000043 29
0.000074 57
0.000528 104
0.000240 30
0.003736 31
0.030286 19
0.001511 361
0.000284 7
0.000913 8
7.702871 1
0.005812 12
0.000303 24
0.088169 18
1.020495 20
0.006240 24
0.205023 15
0.538201 62
0.009318 255
0.774612 1
0.009614 12
0.491983 10
0.009247 14
0.023940 17
0.008791 16
0.021945 24
0.008543 41
0.000390 18
0.020840 47
0.008562 20
0.020989 54
0.007131 22
0.023177 61
0.007120 24
0.023921 64
0.007084 22
0.026054 70
0.008014 23
0.023703 66
0.006608 25
0.022764 65
0.006867 26
0.714926 21
0.006955 18
0.513202 6
0.009342 11
1.436123 25
0.007449 29
0.424968 28
0.000228 3
0.000181 143
0.000044 158
0.000145 1
0.001623 29
0.837271 68
0.000118 3
0.000072 304
0.245735 3
0.000048 235
0.007936 35
0.000155 3
0.000059 232
0.208385 23
0.000226 3
0.000066 237
0.199678 40
0.000285 3
0.000107 236
0.227553 31
0.000233 3
0.000070 80
0.000063 157
0.191212 35
0.000270 3
0.000101 78
0.000046 157
2.248216 23
1.819775 7
0.009532 7
0.000184 8
0.005748 6
0.000449 74
0.002810 45
0.000728 104
0.000182 30
0.003634 31
0.023175 19
0.001287 357
0.000128 7
0.000588 8
32.465113 1
0.005681 20
0.000344 95
0.064223 30
0.132558 41
0.002370 38
0.097093 18
0.002972 19
0.817793 6
0.633169 341
0.004273 38
0.883506 145
0.004524 71
0.483570 341
0.004288 41
0.118046 6
0.164025 6
0.840309 6
0.329201 143
0.006200 56
0.248536 125
2.104147 20
0.005436 12
0.134522 6
0.368190 6
0.099479 6
0.224197 6
0.185334 36
1.449566 48
0.006335 54
0.440543 7
0.000178 8
0.006123 3
0.000528 53
0.003607 11
0.000583 104
0.000300 30
0.003882 31
0.025313 19
0.001256 357
0.000129 7
0.000708 8
4.733053 1
0.006471 20
0.000370 74
0.111623 30
0.108102 41
0.003168 38
0.105236 18
0.003312 19
0.432183 6
0.125369 215
0.004369 56
0.138364 6
0.264353 402
0.000011 108
0.000086 1
0.782554 240
0.008114 117
3.074722 7
0.000156 8
0.006202 6
0.000585 60
0.003478 104
0.000187 30
0.003430 31
0.025094 19
0.001169 357
0.000135 7
0.000612 8
6.266957 1
0.007252 101
0.082638 30
0.183971 41
0.003122 38
0.457058 18
0.003228 19
0.856832 6
0.685532 257
0.004388 26
0.884977 66
0.005347 49
0.551027 1
0.351195 1
0.159672 1
0.104403 1
0.346717 37
0.005229 49
0.000426 24
0.158460 28
0.135948 11
0.119904 11
0.168139 9
0.139799 9
0.572612 11
0.083485 9
0.220139 9
0.339248 60
0.543604 7
0.005300 7
0.000249 8
0.005756 36
0.003299 178
0.000762 104
0.000335 30
0.004578 31
0.025815 19
0.003307 372
7.232236 1
0.005529 12
0.000390 24
0.040359 18
0.340892 25
0.003266 26
0.000226 26
1.349147 71
0.006675 41
0.715634 21
0.005106 18
0.411163 6
0.005716 12
0.106060 18
0.006537 19
0.800403 72
0.362832 7
0.000181 8
0.005239 3
0.000570 43
0.003473 104
0.000182 30
0.003792 31
0.022133 383
0.000595 8
0.975691 1
0.006046 12
0.000387 45
0.047545 18
0.244322 25
0.006221 26
0.159072 101
0.006196 11
0.000550 33
1.350880 108
0.006857 47
0.587998 7
0.000173 8
0.005677 3
0.000719 46
0.003790 104
0.000168 30
0.003278 31
0.024482 19
0.001395 357
0.000095 7
0.000843 8
7.119417 1
0.006130 20
0.000390 54
0.063586 30
0.115891 41
0.005801 38
0.102128 18
0.002999 19
0.849751 6
0.953210 95
0.005653 70
0.158089 335
0.005012 57
0.949111 252
0.006171 136
1.256370 7
0.000272 8
0.005946 3
0.000606 62
0.003534 28
0.002586 104
0.000268 30
0.003773 31
0.023550 19
0.001119 357
0.000159 7
0.000663 8
20.545176 1
0.004081 12
0.000458 45
0.183507 125
0.006500 31
0.000019 36
0.375771 41
0.734937 120
0.005305 132
1.057854 7
0.000197 8
0.004320 3
0.000799 39
0.004094 3017
0.000133 4095
0.000060 3393
0.000409 104
0.000407 30
0.004299 31
0.023314 19
0.001093 357
0.000109 7
0.000678 8
0.959448 1
0.005792 20
0.000470 52
0.127965 30
0.171965 41
0.333585 119
0.079933 30
0.004028 31
1.020643 1
3.887652 32
0.004329 30
1.229111 90
0.006980 117
0.367912 7
0.000263 8
0.003693 3
0.000561 32
0.004138 678
0.000112 1771
0.000018 1025
0.000009 234
0.000009 173
0.000062 4287
0.000057 2337
0.000524 104
0.000309 30
0.004013 31
0.024870 19
0.001222 357
0.000130 7
0.000596 8
76.410752 1
0.005171 12
0.000342 48
0.060938 18
0.156056 125
0.001887 7
0.000180 8
0.003780 3
0.001663 26
0.001744 216
0.000670 104
0.000358 30
0.004393 31
0.023789 19
0.000984 357
0.000087 7
0.000658 8
1.413722 1
0.005745 47
0.116489 18
0.243953 25
0.002993 26
2.011260 48
0.005843 30
0.919944 18
0.004226 19
1.363858 6
0.115846 6
0.088477 6
4.705421 1
1.075785 1
0.005475 11
0.094419 16
0.228627 16
1.104107 16
0.963855 16
0.005416 45
4.025983 18
0.005633 19
7.594927 1
0.007938 12
1.339776 18
0.006561 19
0.365272 1
0.059921 1
0.127811 1
7.476487 1
1.012198 1
0.008100 12
0.491621 18
0.007678 19
2.000495 1
0.055293 1
0.536571 7
0.000167 8
0.006390 3
0.001112 37
0.003429 58
0.000089 114
0.000020 2
0.000682 104
0.000169 30
0.003734 31
0.021968 19
0.001152 361
0.000120 7
0.000562 8
7.100383 1
0.004427 12
0.000316 24
0.045451 18
0.529944 7
0.000195 8
0.003575 3
0.000500 26
0.003126 29
0.000678 104
0.000274 30
0.003625 31
0.025104 19
0.001068 357
0.000134 7
0.000817 8
17.410331 1
0.008898 103
0.096472 30
0.091314 41
0.003141 38
0.144736 18
0.002734 19
0.841530 6
0.592045 6
0.089410 263
0.006128 69
0.232582 6
2.223767 6
0.385814 317
0.067545 1
2.876019 3
0.196315 3
0.004954 67
1.699004 317
0.005305 11
0.146300 16
0.256001 16
3.280583 16
0.006208 28
0.303887 2
0.005162 29
0.417782 28
0.000242 3
0.000097 182
0.000115 1
0.001368 29
0.554495 34
0.000411 3
0.000086 206
0.171760 3
0.000086 170
0.006552 253
0.154009 38
0.000245 8
0.000135 184
2.811704 127
0.003011 7
0.005187 33
0.656894 3
0.005385 75
0.257249 57
10.948398 8
0.501463 1
0.030077 1
0.031939 1
0.031949 1
0.034949 1
0.029611 1
0.030015 1
0.029979 1
0.030982 1
0.030037 1
0.031937 1
0.030982 1
0.030708 1
0.031729 1
0.036893 1
0.033024 1
0.030177 1
0.030648 1
0.031063 1
0.031030 1
0.032527 1
0.035249 1
0.031023 1
0.032048 1
0.035525 1
0.030169 1
0.038452 1
0.032037 1
0.030547 1
0.030206 1
0.031314 1
0.035083 1
0.030704 1
0.031943 1
0.032302 1
0.036423 1
0.034890 1
0.030535 1
0.030866 1
0.040274 1
0.030512 1
0.034429 1
0.034961 1
0.030971 1
0.033984 1
0.030841 1
0.030387 1
0.029971 1
0.845475 4
0.434732 248
0.776317 249
0.404955 1
0.182084 249
1.617832 4
0.499303 4
0.033801 4
1.741884 7
0.000182 8
0.004332 6
0.000794 69
0.003290 108
0.000530 104
0.000192 30
0.003893 31
0.024389 19
0.001331 361
0.000048 7
0.000635 8
4.009228 56
0.004844 267
0.495461 1
0.499346 1
0.035604 1
0.030628 1
0.031655 1
0.030226 1
0.029902 1
0.034733 1
0.041601 1
0.032986 1
0.029942 1
0.030547 1
0.030513 1
0.031217 1
0.030295 1
0.030560 1
0.031203 1
0.031460 1
0.029993 1
0.030321 1
0.030449 1
0.030746 1
0.030658 1
0.032198 1
0.031284 1
0.030762 1
0.036357 1
0.032002 1
0.031818 1
0.030664 1
0.032309 1
0.030831 1
0.031117 1
0.030877 1
0.030298 1
0.030768 1
0.030838 1
0.030892 1
0.031203 1
0.036262 1
0.030449 1
0.328587 1
0.188668 1
0.211187 1
0.179670 1
0.172318 1
0.188012 1
0.414795 250
0.393197 1
0.254685 250
0.719930 248
0.319921 248
0.239742 248
0.284133 248
0.492183 248
1.539839 248
0.052439 248
0.143987 248
1.887103 4
0.380545 246
0.624300 7
0.000179 8
0.005023 3
0.000653 78
0.003052 47
0.000326 48
75.873659 104
0.000231 30
0.006791 31
0.022757 19
0.001304 456
0.000063 7
0.000656 8
61.841009 1
0.006440 20
0.000395 77
0.088983 281
0.005952 67
0.313224 41
0.263421 30
0.368215 30
0.003273 60
0.136365 18
0.002894 19
1.192521 288
0.623653 1
0.434131 4
0.135915 3
0.006866 12
0.494760 10
0.007117 14
0.025510 17
0.005378 16
0.025032 24
0.005298 18
0.027814 31
0.005281 20
0.025554 38
0.005522 22
0.022543 45
0.006848 24
0.026102 48
0.006999 22
0.023594 54
0.005760 23
0.024412 61
0.006494 25
0.026693 67
0.006863 26
0.026726 73
0.006564 27
0.022613 79
0.006471 28
0.022524 85
0.006634 29
0.024484 91
0.005854 30
0.026808 97
0.005740 31
0.023494 103
0.005620 32
0.030331 109
0.007579 33
0.020564 115
0.005676 34
0.025371 121
0.005586 35
0.026647 127
0.005411 36
0.023038 133
0.006348 37
0.024947 137
0.005014 38
0.032740 145
0.006356 39
0.029437 151
0.005124 40
0.038303 157
0.007360 41
0.020918 163
0.004796 42
0.025454 169
0.005151 43
0.040160 175
0.004621 44
0.025264 181
0.006262 45
0.024157 187
0.004595 46
0.025128 193
0.004846 47
0.028721 199
0.002879 48
0.028929 205
0.004744 49
0.032041 211
0.005566 50
0.023817 217
0.004953 51
0.025581 223
0.004870 52
0.024675 229
0.005995 53
0.023798 235
0.005940 54
0.026069 241
0.004257 55
4.524701 245
0.005718 11
0.117889 31
4.508582 15
0.007165 21
0.360378 16
0.260014 16
0.364038 16
2.396021 16
0.660218 16
0.059868 16
0.459991 16
1.327775 16
0.006429 58
0.545898 1
0.107537 1
0.316357 1
0.796835 1
0.122290 92
0.000064 1
0.001535 94
0.567841 1
0.767771 1
0.415695 3
0.092088 1
0.904699 1
1.383996 7
0.000177 8
0.005759 3
0.000623 54
3.350135 104
0.000385 30
0.006365 31
0.025269 19
0.001275 452
0.000131 7
0.000599 8
29.240290 1
0.008154 36
0.226311 18
0.266475 7
0.000208 8
0.003328 3
0.000530 26
0.003040 174
0.000574 104
0.000197 30
0.004148 31
0.023107 19
0.001687 357
0.000138 7
0.002073 8
41.024384 1
0.006226 20
0.000515 40
0.061088 58
0.006737 41
0.231707 41
0.003324 38
0.661331 18
0.003673 19
0.733224 149
0.004850 11
0.239270 16
0.217780 20
0.006089 49
1.648977 52
0.000188 3
0.000082 284
0.000083 1
0.001533 49
5.997144 16
1.052112 16
0.123719 16
5.364448 16
0.006908 77
1.284914 1
0.004488 65
0.803690 16
0.351685 16
0.286527 101
0.005074 95
2.118176 107
0.000240 6
0.000108 285
0.000078 1
0.001741 95
2.744505 16
0.004712 123
1.119008 18
0.004453 19
0.879977 1
0.004943 12
0.134103 18
0.004980 19
0.315263 1
0.006859 11
0.265539 16
0.295760 16
0.219739 16
1.324492 16
0.423971 16
0.005995 42
0.481625 1
0.124415 1
1.771815 3
0.167878 3
0.155891 3
0.008385 35
0.159550 19
1.692187 16
0.572418 16
0.127740 16
0.279772 16
1.252275 16
0.880745 16
0.110783 16
3.320811 7
0.000246 8
0.005056 77
0.000915 49
4.030923 104
0.000309 30
0.005043 31
0.032647 19
0.002161 452
0.000078 7
0.000657 8
2.209809 1
0.004422 12
0.000328 49
0.217410 18
0.006057 31
0.442069 41
0.247784 30
3.216178 30
0.235916 30
0.003165 71
0.108810 18
0.003061 19
2.198786 101
0.004580 11
0.116981 34
5.292359 7
0.006178 15
0.001786 3
0.000494 34
0.004283 66
2.466526 1
6.324243 2
19.443746 104
0.000293 30
0.004671 31
0.022784 19
0.004105 468
6.362674 1
0.005917 20
0.000360 99
0.064026 30
0.128092 41
0.003220 38
1.312701 18
0.002989 19
0.117245 6
2.165544 365
0.004827 49
0.097241 6
1.028994 6
0.163309 6
0.393734 191
0.005102 11
0.429856 31
0.648150 24
0.636568 7
0.499524 3
0.048322 3
0.032017 3
0.033161 3
0.032577 3
0.033043 3
0.033367 3
0.164277 3
0.171549 3
0.160300 1
3.512149 7
0.000145 8
0.003927 3
0.000867 30
0.003623 45
5.326231 104
0.000369 30
0.005354 31
0.024860 19
0.001300 452
0.000140 7
0.000625 8
48.828642 1
0.005356 12
0.000400 24
0.516496 18
0.182327 7
0.000218 8
0.003445 3
0.000466 26
0.003201 199
0.000602 104
0.000262 30
0.004542 31
0.024991 19
0.001401 357
0.000013 7
0.000642 8
2.671463 1
0.003712 12
0.000390 51
0.110301 18
4.713731 162
0.004138 51
0.174610 156
0.265058 1
0.006251 20
0.000527 70
0.097333 239
0.004309 27
0.003160 18
0.224505 48
0.003941 20
0.000389 70
0.146256 226
0.549586 1
0.006568 12
0.000404 24
0.050870 18
0.221783 25
0.005344 26
0.001673 34
0.608015 119
0.005919 11
0.267445 16
0.131176 35
0.375158 23
0.005106 7
0.000126 8
0.004514 3
0.000823 36
0.003667 35
0.000481 104
0.000308 30
0.004644 31
0.025385 19
0.001299 357
0.000160 7
0.000698 8
1.910455 1
0.006441 20
0.000424 70
0.056762 239
0.003777 27
0.000372 18
0.432099 48
0.005808 90
0.168455 226
21.433548 1
0.003904 12
0.000550 51
0.137832 18
0.176148 25
0.002961 26
2.069498 6
0.004165 12
7.033173 143
0.004575 19
0.267735 1
0.156166 29
0.000021 1
0.001349 39
0.726327 3
0.147498 3
0.005016 36
0.146904 138
0.004347 37
0.660169 137
0.004968 11
0.258712 16
0.093754 20
0.004220 49
1.773979 19
0.156077 19
0.151815 19
0.155936 19
1.584597 16
0.004414 45
0.903622 7
0.000160 8
0.003468 3
0.000510 20
0.734987 104
0.000505 30
0.004411 31
0.028096 391
26.659436 1
0.004404 12
0.047346 18
0.664999 7
0.000174 8
0.002686 3
0.000538 14
0.007147 1778
0.000026 1092
0.000025 36
0.001128 104
0.000278 30
0.004623 31
0.028993 383
0.000706 8
4.185305 1
0.004850 12
0.000573 24
0.072350 18
4.885914 25
0.003677 26
0.204201 1
0.006709 11
0.729765 8
0.191646 1
0.236015 20
0.006572 24
0.159651 15
0.534019 1
0.006993 78
0.064714 167
0.006975 20
0.135277 41
0.003456 38
0.116890 18
0.003191 19
0.802677 20
0.147268 1
0.356726 7
0.000190 8
0.003549 3
0.000618 19
0.025297 25
0.031468 1189
4.167907 265
0.000023 152
2.651889 158
0.000044 229
0.079457 33
0.000434 342
0.432584 239
0.000052 147
2.160844 28
0.002365 104
0.000436 30
0.004784 31
0.029215 479
0.000176 8
1.488039 1
0.004572 12
0.000297 24
0.053264 18
0.269852 25
0.003760 26
0.240614 1
0.006645 11
0.349211 16
0.004325 14
0.771825 1
0.683713 1
0.356048 1
0.696474 1
0.115681 1
0.404136 1
1.128087 1
1.786574 1
0.006487 11
0.278585 36
2.738571 61
2.055930 21
0.001737 18
0.255552 1
0.476567 1
0.271846 1
0.491909 1
4.716700 3
0.223020 3
0.163835 3
0.132269 3
0.388073 1
0.221634 1
0.499844 1
0.030701 1
0.035112 1
0.031087 1
0.031102 1
0.031062 1
0.032044 1
0.030932 1
0.030971 1
0.031136 1
0.030972 1
0.030932 1
0.030790 1
0.030092 1
0.031258 1
0.030061 1
0.030141 1
0.031342 1
0.032905 1
0.032680 1
0.035598 1
0.031747 1
0.033062 1
0.032148 1
0.031294 1
0.038099 1
0.030512 1
0.030334 1
0.030879 1
0.030341 1
0.032376 1
0.034799 1
0.033696 1
0.030469 1
0.030212 1
0.030801 1
0.029638 1
0.030276 1
0.029920 1
0.029769 1
0.030255 1
0.030315 1
0.036621 1
0.030030 1
0.693510 4
0.198377 235
0.988627 232
0.239601 232
0.255676 232
0.436167 232
0.560154 235
1.182689 1
4.229267 233
0.608022 233
0.127738 233
2.198021 4
1.169295 231
8.889424 7
0.000256 8
0.006189 3
0.000668 75
0.004111 72
0.000069 54
0.004461 31
0.000041 98
0.000781 64
0.000322 4
0.265858 62
0.754543 200
1.331888 200
1.475166 200
1.615137 200
1.659144 200
1.664629 200
1.669048 200
1.701139 200
1.457743 200
1.230915 200
1.137457 200
1.604069 200
1.672923 200
1.630786 200
1.645053 200
1.619225 200
1.645891 200
1.574531 200
1.021895 200
1.352715 200
1.610597 200
1.660219 200
1.740997 200
1.668016 200
1.685131 200
1.668985 200
1.572870 200
1.020016 200
1.334536 200
1.571581 200
1.661975 200
1.640070 200
1.407920 200
1.631946 200
1.549631 200
1.456929 200
1.377857 200
1.319189 200
1.470350 200
1.747896 200
1.690006 200
1.727796 200
1.681710 200
1.623235 200
1.450208 200
1.335403 200
1.350508 200
1.410628 200
1.683203 200
1.670489 200
1.673615 200
1.718542 200
1.654879 200
1.386065 200
1.396646 200
1.327793 200
1.424648 200
1.677854 200
1.707494 200
1.746400 200
1.698317 200
1.725211 200
1.351905 200
1.383838 200
1.341248 200
1.369683 200
1.647346 200
1.663624 200
1.652958 200
1.660139 200
1.650532 200
1.345763 200
1.429581 200
1.397941 200
1.371817 200
1.669355 200
1.685448 200
1.736412 200
1.695594 200
1.660934 200
1.324270 200
1.433963 200
1.354853 200
1.379178 200
1.654232 200
1.645244 200
1.588299 200
1.616829 200
1.660625 200
1.374291 200
1.391691 200
1.329696 200
1.413286 200
1.668717 200
1.718891 200
1.707778 200
1.635842 200
1.636705 200
0.204472 202
1.216025 208
2.103395 208
0.136713 256
0.001227 104
0.000329 30
0.004285 31
0.027578 19
0.001452 456
0.000094 7
0.000635 8
41.066678 1
0.005950 20
0.000313 51
0.085774 125
0.006731 59
0.247779 41
0.644246 30
0.131707 30
0.003188 60
0.088797 18
0.002987 19
1.229027 6
0.151663 6
0.232375 6
0.095949 6
0.764105 6
2.425600 215
0.403942 1
0.123843 1
0.251972 1
0.075975 1
0.880740 1
1.503856 7
0.000151 8
0.004208 3
0.000602 32
0.003391 104
0.000288 30
0.004262 31
0.021572 19
0.001147 357
0.000135 7
0.002456 8
1.701313 1
0.006027 20
0.000383 73
0.153547 257
0.005766 27
0.062251 25
0.006434 42
0.265698 30
0.083865 30
0.004508 31
1.359483 1
0.004984 11
0.087209 16
0.163767 16
0.004740 29
0.639585 16
0.391996 16
0.005935 18
0.429484 1
0.005451 11
0.339252 16
0.307657 16
0.005515 29
0.634836 16
0.631671 16
0.006082 18
0.346231 1
0.005831 12
1.202475 18
0.007835 28
0.095390 16
0.007111 14
0.361080 1
1.000131 1
0.335972 1
0.075469 1
0.739674 1
0.503610 1
0.036037 1
0.030969 1
0.030980 1
0.038073 1
0.030878 1
0.425511 4
0.188622 30
0.006894 19
1.641476 7
0.000194 8
0.005950 3
0.000723 39
0.001480 30
0.000673 104
0.000192 30
0.004082 31
0.023316 19
0.001113 361
0.000136 7
0.000642 8
7.697660 1
0.006534 20
0.000379 59
0.108649 173
0.006016 56
0.104332 25
0.007286 42
0.248669 30
0.005761 70
0.082204 31
0.003257 33
0.262678 71
0.006972 11
0.000400 34
0.178677 21
0.007053 41
2.305171 30
0.004262 38
0.805414 119
0.007715 53
0.856178 32
0.004668 38
0.000429 32
0.149564 18
0.004543 19
0.115288 6
0.792873 90
0.288608 3
0.006436 12
0.205694 10
0.006647 14
0.116896 17
0.007556 16
0.124460 24
0.006499 18
0.498464 31
0.006955 20
0.026224 38
0.006161 22
0.024371 45
0.005190 24
0.138364 48
0.007993 22
0.159809 54
0.007145 23
0.701318 58
0.147509 1
0.092327 1
0.350891 73
0.000184 1
0.001319 84
0.940171 1
0.175847 7
0.000231 8
0.005218 3
0.000632 33
0.012725 26
1.090645 1
0.203739 1
0.196046 1
0.196031 1
0.164023 1
0.103821 1
0.152052 1
0.224145 1
0.508405 26
1.207498 3022
0.000167 1778
0.002491 3414
0.000031 1288
0.001077 1962
0.000104 552
0.000009 644
0.000060 460
0.000006 562
0.000064 460
0.004023 1176
0.000131 1512
0.000009 664
0.000060 664
0.000056 776
0.022827 2124
0.000332 664
0.000053 368
0.013095 104
0.000272 20
0.000056 10
0.006484 31
0.023910 19
0.001296 452
0.000194 7
0.000629 8
45.320858 1
0.005884 20
0.000336 40
0.075973 30
0.128095 41
0.003211 38
0.140789 18
0.003111 19
0.247178 13
0.005187 12
0.118174 6
0.095856 1
0.232513 1
1.667938 7
0.000165 8
0.003685 3
0.000490 21
0.013405 26
0.000971 104
0.000247 30
0.004452 31
0.025216 19
0.001077 361
0.000184 7
0.000712 8
34.034280 362
1.206192 8
0.004736 31
0.607380 44
0.006391 84
1.157739 1
0.499055 1
0.037398 1
0.030105 1
0.031684 1
0.181594 1
0.351910 4
0.172534 13
0.172073 13
0.135837 13
0.132027 13
0.124149 13
0.119866 13
0.756536 11
0.288143 11
0.083755 11
0.344003 11
0.283919 11
0.380339 11
0.131385 11
0.547633 4
0.184807 4
0.146964 4
0.160144 4
0.135845 4
3.085026 1
0.544027 1
0.115562 1
0.220283 1
0.263932 1
0.075874 1
1.136632 7
0.000194 8
0.005135 3
0.001061 40
0.085117 29
0.017632 64
0.011154 64
0.060967 66
0.187010 103
0.000451 37
0.038424 55
0.010340 104
0.000439 30
0.004868 31
0.025589 19
0.001081 361
0.000135 7
0.000643 8
10.496963 27
0.006309 84
0.381519 1
0.339863 1
0.331864 4
0.252911 5
0.752298 7
0.000192 8
0.005218 3
0.000685 39
0.083610 29
0.015629 64
0.009302 64
0.057608 66
0.182151 140
0.249942 56
0.038810 60
0.016455 66
0.004500 104
0.009676 22
0.502325 34
0.130086 167
0.500530 46
0.500412 82
0.330066 109
0.525700 16
0.039810 75
0.031297 233
0.000662 26
0.050962 26
0.035448 26
0.037433 26
0.036340 26
0.035142 26
0.038305 26
0.038991 26
0.034147 26
0.034564 26
0.230146 101
0.016219 62
0.000168 218
0.012286 38
0.088688 109
0.078766 39
0.004641 109
0.003187 109
0.006201 56
0.154878 53
1.545159 20
0.102953 104
0.000251 30
0.004106 31
0.026636 19
0.001272 452
0.000136 7
0.000575 8
4.067262 1
0.006803 80
0.108993 179
0.003670 27
0.000319 38
0.206407 25
0.005975 42
1.427436 132
0.009837 156
0.750859 7
0.000162 8
0.005217 3
0.000565 39
0.004474 28
0.002073 28
0.002327 104
0.000238 30
0.003741 31
0.023225 19
0.001185 357
0.000121 7
0.000609 8
12.383735 1
0.006316 50
0.043999 18
0.216310 25
0.005885 26
0.147392 58
0.005886 12
0.256520 6
0.630132 7
0.000175 8
0.004695 3
0.000626 29
0.003625 15
0.000039 363
0.000012 295
0.000552 104
0.000273 30
0.004109 31
0.025763 391
9.371486 1
0.006002 20
0.000400 70
0.069741 239
1.016258 32
0.004250 70
0.780350 239
0.006508 27
0.316768 112
0.311850 30
0.075596 30
0.005604 60
0.370851 18
0.003669 19
0.364407 1
0.799880 3
0.728468 1
0.380029 1
0.587093 1
0.511188 1
0.037195 1
0.031912 1
0.030450 1
0.030940 1
0.031163 1
0.037552 1
0.329774 48
0.008183 75
0.236800 87
0.063194 76
0.240371 76
0.135442 76
0.006181 141
0.229314 4
0.500067 4
0.030002 4
0.030890 4
0.032974 4
0.032306 4
0.030866 4
0.031876 4
0.588185 1
1.199823 1
0.006916 11
0.188640 16
0.088170 16
0.261433 27
0.477261 7
0.006553 7
0.000216 8
0.005011 3
0.000555 35
0.016552 104
0.000302 30
0.005587 31
0.030730 19
0.001152 357
0.000111 7
0.000593 8
2.578112 1
0.006994 11
0.000457 40
0.233012 104
0.004161 29
0.232227 14
0.000576 3
0.000105 436
0.000098 1
0.001277 19
0.881242 25
0.006394 38
0.226825 56
0.838390 7
0.187992 20
0.004089 38
0.384365 25
0.003852 29
1.468063 25
0.004953 38
0.054597 16
0.273538 42
0.000036 1
0.001442 29
0.760646 1
0.499438 1
0.033568 1
0.041018 1
0.634508 35
0.007374 84
0.200182 4
0.555870 1
0.188366 1
1.076388 74
0.006732 86
0.260365 4
0.219969 4
0.131785 4
0.360043 4
0.203954 4
0.293276 16
0.266744 104
0.431133 7
0.003283 7
0.000136 8
0.002443 6
0.000475 26
0.027770 38
0.001150 42
0.000893 42
0.001956 38
0.000701 104
0.000275 30
0.004085 31
0.025552 383
0.000536 8
26.966196 360
10.534560 1
0.006464 20
0.000705 36
0.210868 30
0.003629 27
0.252516 25
0.006137 42
0.133846 30
0.003123 49
0.907432 7
0.000217 8
0.002892 3
0.000673 18
