0.020541 64
5.959653 71
0.995745 229
5.508183 32
1.363562 152
3.424958 32
0.975651 152
4.187860 74
0.964100 169
0.000055 64
3.675853 95
1.095556 137
0.000111 136
5.516878 54
2.083518 96
0.001582 50
0.000984 64
4.865506 106
0.939357 148
0.000110 6
0.002751 192
0.000310 7
0.001581 192
0.000334 7
0.002739 192
0.000148 64
4.988881 49
1.383071 91
0.000058 30
0.000039 64
3.432501 35
3.307800 77
0.000112 25
0.000037 56
4.008149 63
0.939483 213
4.121699 31
1.130684 73
0.000056 13
0.000082 8
0.000080 56
5.135649 19
1.031865 31
0.039394 25
0.038610 896
1.651138 28
0.002039 64
2.377191 21
0.731668 35
0.011911 39
0.000055 2
0.001131 64
5.411135 22
0.807937 37
0.021331 25
0.027985 896
1.022984 28
0.002143 64
2.929811 20
0.787379 33
0.004401 24
0.000058 132
0.009778 69
0.006422 1453
0.947706 84
0.000615 64
4.370664 22
0.868552 37
0.007795 46
0.001045 64
5.983189 25
0.919548 67
0.002455 64
3.622055 30
1.040370 181
3.344044 21
0.903735 111
1.406983 12
0.611805 45
3.868912 11
0.000079 23
0.000097 86
2.771617 1
0.761032 11
0.002501 63
0.001670 70
0.015686 95
0.013034 95
0.000116 8
0.000045 78
0.290223 1
0.151690 1
0.320017 1
0.556124 11
0.002012 90
0.000371 86
0.813498 1
0.151907 1
0.280363 1
1.088331 11
0.002151 12
0.000368 86
4.849683 44
0.907598 119
0.000066 27
0.000735 86
4.816069 39
0.983179 105
0.000247 9
0.001993 268
0.000008 110
0.000165 768
0.000419 86
4.865144 21
0.772540 35
0.021181 25
0.029557 1051
1.513146 28
0.002166 86
3.089815 17
0.755079 27
0.002204 120
0.000240 86
9.438775 25
0.899217 43
0.002087 10
0.000341 86
26.474018 34
1.307461 61
0.001957 19
0.000414 86
3.946308 62
0.767570 137
0.001255 55
0.000376 86
7.842659 71
1.059511 146
0.002377 11
0.001732 55
0.000366 86
4.872003 12
0.947477 17
0.002303 192
0.000194 86
3.822032 45
0.923481 120
0.004244 144
0.000053 48
0.000430 86
5.251584 17
0.871949 27
0.001481 578
0.000016 274
0.000040 342
0.000026 546
0.000182 476
0.000271 86
3.406162 21
1.027709 35
0.001715 958
0.000349 916
0.000107 86
2.648673 12
0.403792 1
0.299840 1
0.156000 1
0.292128 1
0.195892 1
0.261302 15
0.063789 11
0.668316 15
0.266845 11
0.281941 11
0.001475 1032
0.000009 154
0.000009 78
0.000374 610
0.000057 86
4.485547 17
0.740342 27
0.001314 5
0.000305 86
4.002192 27
0.867246 47
0.001940 784
0.000058 1228
0.000011 204
0.001693 1670
0.000081 546
0.000096 86
5.886959 129
1.401379 195
0.000060 35
0.002189 442
0.000028 138
0.000045 408
0.000052 342
0.000031 272
0.000015 70
0.000026 136
0.000057 136
0.000078 272
0.000364 35
0.000077 8
0.000038 78
3.297223 25
1.119602 43
0.036339 79
0.000385 86
4.500224 15
1.003895 23
0.002406 86
5.728821 1
0.087725 1
0.276129 1
0.280393 1
0.084702 1
0.555069 4
0.147807 4
0.132060 4
0.156176 4
0.124201 4
0.459606 1
0.208118 1
0.119994 1
0.248098 1
0.107717 1
1.396499 2
0.000107 18
1.780607 4
0.206014 1
0.500516 1
0.030951 1
0.031032 1
0.031286 1
0.030672 1
0.031072 1
0.029976 1
0.031137 1
0.028803 1
0.031437 1
0.324386 5
0.151723 5
0.147965 5
0.143996 5
0.147895 5
0.168109 6
0.952011 11
0.017299 26
0.934793 1
0.139886 1
0.167949 1
0.192078 1
0.151801 1
0.139969 1
0.160180 1
0.275936 1
0.312406 1
0.784001 3
0.332095 26
2.244038 1
0.175732 1
0.515960 1
0.187753 1
1.128405 2
1.686406 86
7.373627 15
1.056300 23
0.001896 86
48.378134 15
1.247526 4
0.190763 1
0.500504 1
0.031123 1
0.031048 1
0.029828 1
0.031204 1
0.030913 1
0.637445 3
0.232854 5
0.160660 5
0.139414 5
0.144251 5
0.143659 5
0.159929 6
0.171947 1
0.456511 11
0.002420 86
6.770127 20
1.371154 33
0.001888 57
0.000410 86
6.302383 11
0.835623 15
0.001980 2
1.621873 1
0.291903 1
0.175765 1
0.144097 1
1.912390 3
0.159444 3
0.136697 3
0.099318 3
0.636503 2
0.000069 2
0.159506 2
0.000034 2
0.152800 2
0.000115 2
0.939885 1
0.235321 1
0.131795 1
0.188355 1
0.687982 2
0.000399 86
2.739620 1
0.076442 1
0.403657 11
0.025836 31
0.000014 62
0.001240 86
2.624810 1
0.231865 1
0.167882 1
0.152076 1
0.448116 11
0.000269 6
