0.025539 25
1.632875 1
0.304854 1
0.218082 1
0.138919 1
0.203331 1
0.245792 11
0.002975 10
0.000013 25
13.859277 1
0.087939 1
0.276436 1
0.239837 1
0.105846 1
0.747266 1
0.648240 1
0.204672 1
0.260129 1
0.043695 1
1.074410 1
0.729555 4
0.706076 1
0.068051 1
2.171440 1
0.112725 1
0.115957 1
0.325902 1
0.768159 1
0.155594 1
0.501583 4
0.810422 1
0.445789 1
0.224877 1
0.765392 1
0.140059 1
0.976713 1
1.142743 1
0.152622 1
0.209107 1
2.027789 5
1.486979 5
0.376834 5
0.626129 5
0.695471 5
0.960239 5
0.252206 3
0.249730 3
0.217601 3
1.147069 1
0.071362 1
0.442606 1
0.059694 1
0.652574 4
0.155157 4
0.150167 4
0.166919 4
0.298390 4
1.112683 1
0.479678 1
0.108692 1
0.372551 1
0.132724 1
1.347320 1
0.207059 1
0.199446 1
0.190274 1
0.378922 13
0.421653 3
0.850487 1
0.193252 9
0.265625 3
0.195318 3
0.156335 3
0.164897 3
1.583674 1
1.820530 4
0.320137 1
0.123377 1
0.469273 1
0.310971 1
0.269625 1
0.089366 1
2.896132 1
0.191107 1
0.169432 1
0.183667 1
0.532912 9
0.745844 9
0.119018 9
0.177372 9
0.308545 9
0.139826 9
0.753484 9
0.174639 9
0.946241 9
0.768691 9
3.234921 11
20.439466 2
0.000545 27
20.190281 45
0.910103 1
1.331810 1
1.088368 11
0.000682 10
0.002282 25
1.315916 47
1.119348 1
0.248580 1
0.034736 1
0.032615 1
0.033793 1
0.033797 1
0.031996 1
0.034487 1
0.034527 1
0.032629 1
0.034219 1
0.034251 1
0.034280 1
0.231158 1
0.163027 1
0.182085 1
0.165969 1
0.185563 1
1.182879 5
0.147846 5
2.783457 11
0.000484 10
0.000604 25
6.024994 1
0.280829 1
0.333236 1
0.052391 1
0.753647 11
0.007512 44
0.000163 151
7.106264 1
0.010994 1
0.369775 1
0.367871 1
0.594521 1
0.110800 1
1.421172 1
0.346961 1
0.106479 1
0.972604 1
0.183144 1
0.292490 1
0.976119 1
2.837282 1
0.112089 1
0.220124 1
0.158187 1
2.262861 11
0.013817 87
0.000899 25
5.404509 1
0.190316 1
0.277597 1
0.138023 1
0.538263 1
0.724503 4
0.173382 1
8.101926 1
0.059494 1
0.873673 1
0.107298 1
0.897824 11
0.000490 8
0.000816 17
1.580847 1
0.302269 1
0.459037 1
0.108820 1
0.383200 96
0.000022 83
0.000879 25
1.368171 1
0.166574 1
0.349279 1
0.149414 1
1.942627 1
1.158611 1
0.254724 1
0.173314 1
0.164636 1
0.876092 36
1.784063 1
0.328318 1
0.500999 1
0.140413 1
0.835060 119
47.353697 1
0.022484 1
1.650661 1
0.286518 1
0.106966 1
0.445204 1
1.192887 1
2.409796 1
0.751344 1
0.218176 1
0.112818 1
0.248419 1
0.173054 1
0.674569 1
0.285257 1
0.296732 1
0.113792 1
0.503971 1
2.401137 11
0.039164 318
0.000560 25
5.275205 1
0.375852 1
1.389583 1
0.065030 1
0.428019 1
2.131533 1
0.419629 1
0.092455 1
0.418819 1
0.284471 1
0.512610 1
1.475607 1
0.089471 1
0.287156 1
0.372964 1
0.165340 1
0.540581 1
0.142255 1
0.654804 1
13.306154 4
0.158276 4
0.131768 4
0.506147 4
2.060457 1
0.603976 1
0.101568 1
0.179929 1
0.874413 1
0.356322 1
0.759508 1
0.504196 1
0.137377 1
0.618255 1
0.936149 1
0.102504 1
0.166093 1
0.859569 1
1.560736 1
0.147421 1
0.449676 1
3.378940 1
2.799152 11
0.014456 10
0.000239 2
0.000375 25
14.755094 1
0.030086 1
0.660763 1
1.133355 1
0.111912 1
0.176344 1
0.222074 1
2.188279 11
0.018051 14
2.735748 2
0.078241 387
0.362873 40
0.000569 19
0.001059 239
0.000591 11
0.000184 8
0.702528 1
0.005333 20
0.000339 45
0.278838 30
0.002473 27
0.095652 25
0.004775 42
0.313320 30
0.003041 70
0.124606 31
0.002630 33
1.138753 5
0.004620 45
1.121514 11
0.034801 33
3.029789 2
