0.018586 16
0.000204 64
1.999097 1
0.387823 1
0.099337 1
0.476652 11
0.015649 299
0.180723 6
0.000219 29
0.002144 49
0.000261 163
0.001848 300
0.000174 7
0.000595 6
0.000112 8
0.681044 1
0.005414 20
0.000314 49
0.357300 113
0.003606 27
0.000439 20
0.623212 30
0.003842 29
0.885799 7
0.000172 8
0.003351 3
0.000501 19
0.000362 104
0.000148 32
0.005151 32
0.026759 29
0.001051 358
0.000117 7
0.000557 8
1.557229 1
0.005523 20
0.000290 36
0.857938 44
0.005617 40
1.609224 41
0.511734 30
0.005302 49
0.714784 18
0.003276 19
0.274670 137
0.005575 95
0.924912 360
0.006571 291
0.430105 1
0.498951 1
0.036637 1
0.042209 1
0.031765 1
0.030938 1
0.030815 1
0.035157 1
0.030306 1
0.035049 1
0.030294 1
0.030427 1
0.030419 1
0.031875 1
0.033086 1
0.030240 1
0.517541 4
0.776010 1
0.505640 1
0.031501 1
0.030380 1
0.031439 1
0.032576 1
0.031091 1
0.032412 1
1.281242 106
0.007061 19
0.057030 118
0.006301 19
1.165634 1
0.207699 1
0.304821 124
0.008884 7
1.426530 4
0.519473 4
1.588968 106
0.515771 107
0.624170 106
1.883313 4
0.500583 4
0.030701 4
0.029919 4
0.029976 4
0.031175 4
0.032242 4
0.030787 4
0.030817 4
0.030170 4
0.031475 4
1.115502 7
0.000267 8
0.006734 3
0.000617 36
0.000583 104
0.000085 32
0.005686 32
0.026733 19
0.001260 358
0.000120 7
0.000924 8
0.896822 1
0.005924 20
0.000356 49
0.071925 30
0.191651 41
0.003680 38
0.248412 18
0.003952 19
0.673247 66
0.003821 65
0.284720 7
0.000171 8
0.003482 3
0.000538 28
0.002521 66
0.000526 104
0.000245 32
0.004159 32
0.021706 19
0.001032 358
0.000683 15
1.740678 1
0.005979 20
0.000610 42
0.074687 65
0.006413 28
0.187087 41
0.002948 38
0.072611 18
0.002851 19
0.803380 71
0.004356 28
0.835493 83
0.004123 27
0.762887 72
0.004850 65
0.348390 7
0.000279 8
0.003838 3
0.000531 31
0.002723 94
0.000557 104
0.000276 32
0.003589 32
0.022744 19
0.001267 358
0.000120 7
0.000886 8
1.207192 18
0.004790 92
0.342194 1
0.500692 1
0.030735 1
0.034073 1
0.033105 1
0.040604 1
0.038509 1
0.035053 1
0.032876 1
0.033083 1
0.193130 1
0.192118 1
0.804682 73
0.087114 72
0.521336 7
0.000183 8
0.004251 3
0.000648 31
0.002546 129
0.000551 104
0.000209 32
0.003629 32
0.026206 19
0.001270 358
0.000166 7
0.000721 8
2.498080 18
0.004412 92
0.256114 1
0.519087 1
0.034351 1
0.032433 1
0.030563 1
0.031681 1
0.030397 1
0.034800 1
0.031182 1
0.031084 1
0.040614 1
0.203791 1
0.292798 73
0.059788 72
0.360622 7
0.000173 8
0.003619 3
0.000452 31
0.002315 60
0.000433 104
0.000166 32
0.003957 32
0.022629 19
0.001063 358
0.000101 7
0.000564 8
7.016197 1
0.006205 20
0.000361 52
0.051020 30
0.272623 41
0.004041 38
0.087485 18
0.003278 19
2.566785 89
0.005542 36
1.244589 65
0.002094 7
0.000308 8
0.003862 3
0.000502 18
0.002667 6
0.000101 18
0.000519 104
0.000261 32
0.003833 32
0.026705 388
0.000651 8
1.903915 1
0.005528 20
0.000324 43
0.314289 82
0.006223 18
0.244620 41
0.072186 30
0.003004 49
0.592580 18
0.005068 19
0.190975 6
0.005290 11
0.265034 7
0.000219 8
0.003671 3
0.000507 20
0.002857 26
0.000438 104
0.000234 32
0.004105 32
0.022860 19
0.001205 358
0.000745 15
3.890641 1
0.005199 12
0.000059 28
0.000979 18
0.308118 25
0.003648 26
0.941003 6
0.004968 11
0.948619 7
0.000188 8
0.004654 3
0.000499 28
0.003290 303
0.000576 104
0.000225 32
0.003821 32
0.023634 19
0.001139 358
0.000171 7
0.000568 8
7.900491 1
0.005672 20
0.000392 122
0.532616 30
0.223867 41
0.575927 30
0.003507 49
0.189022 18
0.005380 19
1.631998 359
0.004539 36
1.267999 6
0.449449 6
0.288079 6
0.131713 6
0.608202 107
0.002107 7
0.000299 8
0.003683 3
0.000507 24
0.000151 12
0.000189 104
0.000309 32
0.005390 32
0.023799 19
0.001230 358
0.000152 7
0.000640 8
10.582795 1
0.005917 20
0.588591 12
0.921680 1
0.003393 12
0.140662 18
0.005474 32
1.598671 42
0.004734 44
1.631618 1
0.135495 1
0.612014 1
0.392269 1
0.005470 20
0.069696 30
0.168205 30
0.556566 32
0.147825 32
0.127432 12
0.512558 1
0.008077 20
0.063466 30
0.096285 30
0.005245 38
0.435300 7
0.000242 8
0.004522 3
0.000578 21
0.000226 12
0.000231 104
0.000228 22
0.004693 27
0.025740 19
0.001225 300
0.000250 7
0.000679 8
12.300568 1
0.006069 20
0.049921 30
0.949337 41
0.003700 38
1.691968 7
0.000223 8
0.002692 3
0.000902 16
0.000132 12
0.000256 104
0.000193 22
0.004307 27
0.023432 19
0.000805 300
0.000137 7
0.000921 8
2.709390 1
0.005955 12
0.000360 28
0.027529 18
0.424521 14
0.002346 7
0.000161 8
0.003731 3
0.000692 26
0.003187 303
0.002207 126
0.003022 27
0.024583 19
0.001314 300
0.000129 7
0.000809 8
25.675456 1
0.006539 20
0.000383 40
1.020904 58
0.006125 22
0.452810 41
0.111712 30
2.373240 30
0.003157 60
0.247736 18
0.002927 19
0.170582 27
1.020131 1
0.071920 1
2.734144 1
0.193369 1
0.323706 40
0.002390 44
1.130370 1
0.183893 1
0.344624 1
0.107080 1
0.516483 1
0.403537 1
0.212089 1
0.124252 1
0.196109 1
0.123563 1
0.388362 3
0.063745 1
2.220062 1
0.608332 1
2.559407 1
0.095947 1
0.464701 3
0.651179 1
0.200072 1
0.376387 1
0.157805 41
0.001138 45
0.789615 1
1.583759 1
1.091506 1
0.095704 1
0.312965 1
0.191037 1
5.600379 1
1.360249 1
0.323856 1
0.155952 1
0.440092 1
0.304338 1
0.119545 1
1.128015 1
0.788386 1
0.235742 1
0.095624 1
0.528204 1
0.064971 1
1.931205 1
0.444032 1
0.612910 1
0.123078 1
0.791784 1
0.540199 1
0.992943 1
0.343099 1
0.175985 1
0.367906 1
0.440198 1
0.107933 1
1.483988 1
0.591525 1
0.240282 1
0.100115 1
0.484490 1
0.039078 1
0.500679 1
0.900301 1
0.271819 1
0.147291 1
0.148756 1
1.992160 1
1.396045 7
0.000184 8
0.005111 3
0.000590 85
0.003830 104
0.000178 22
0.004135 27
0.023616 19
0.001131 300
0.000143 7
0.000761 8
1.507943 1
0.005178 12
0.000303 24
0.060189 18
0.990353 25
0.004685 26
0.000345 12
0.398692 6
0.006838 11
1.044946 1
0.356984 1
0.423213 43
0.006776 26
0.161088 19
0.500399 19
0.215457 4
0.447905 4
1.023501 33
0.683647 23
0.006399 7
0.000237 8
0.004718 3
0.000447 36
0.002658 60
0.000474 104
0.000197 22
0.004890 27
0.023760 19
0.001029 300
0.000128 7
0.000837 8
47.539818 1
0.006019 20
0.000485 104
0.307783 30
0.379727 41
0.115795 30
0.390140 425
0.591519 32
0.005781 81
0.048664 30
0.003292 60
1.089541 18
0.003080 19
0.360527 6
0.379677 6
0.163885 6
2.250368 371
0.005378 11
0.614011 8
0.004939 76
0.186923 371
1.618900 3
0.004748 76
0.428719 371
0.227811 1
1.743775 1
0.480255 1
0.343708 1
0.524498 1
0.311968 1
0.936482 1
0.935042 1
0.751799 1
0.700656 1
20.148073 7
0.000266 8
0.005112 3
0.000606 35
0.003693 104
0.000194 22
0.003554 27
0.023381 19
0.001237 300
0.000087 7
0.000653 8
3.244845 1
0.005791 12
0.000279 38
0.056180 18
0.780350 25
0.004022 26
4.944108 6
0.044124 6
0.404103 6
1.320624 41
0.005375 11
0.518401 24
0.939106 23
0.006486 7
0.000267 8
0.005011 3
0.000432 31
0.002675 34
0.000574 104
0.000171 22
0.004185 27
0.024822 19
0.001349 300
0.000206 7
0.000702 8
20.310973 1
0.007074 20
0.092148 30
0.580684 32
0.190540 12
0.902010 1
0.003989 12
0.000327 37
0.113382 18
0.404852 25
0.003202 26
0.119768 6
0.516401 6
2.985796 41
0.818471 1
0.004863 11
0.431335 24
0.715466 23
0.005186 7
0.000245 8
0.004059 3
0.000539 19
0.003816 104
0.000174 22
0.004212 27
0.029242 19
0.000961 300
0.000368 7
0.000852 8
2.860174 1
0.005315 12
0.000308 34
0.068326 18
0.920790 35
0.001892 7
0.000184 8
0.003226 3
0.000330 26
0.003028 331
0.000596 104
0.000201 22
0.004149 27
0.022930 19
0.001590 300
0.000179 7
0.001713 8
21.285207 1
0.006582 11
0.000361 40
0.072562 104
0.006669 41
0.225429 41
0.460437 30
0.084173 30
0.323668 30
0.004038 31
0.395843 1
0.152783 32
0.142762 32
0.056134 30
0.800563 30
0.004083 60
0.067221 18
0.003456 19
0.460993 1
0.005746 11
0.562592 16
0.005360 14
0.362713 1
0.091435 1
0.373512 7
0.000172 8
0.004027 3
0.000687 25
0.003273 104
0.000223 22
0.004405 27
0.025054 19
0.001275 300
0.000161 7
0.000743 8
0.262585 1
0.006491 20
0.000689 38
0.071048 30
0.644479 41
0.003055 38
0.216789 18
0.003507 19
0.417927 6
0.005199 11
0.259062 16
0.132970 26
0.425136 7
0.004286 7
0.000190 8
0.005250 24
0.002116 104
0.000339 22
0.004934 27
0.026323 19
0.001370 300
0.000155 7
0.001454 8
53.103562 1
0.006454 11
0.000345 34
0.052422 73
0.005397 41
0.431339 32
0.003838 20
0.000330 34
0.847641 73
0.006832 41
0.885894 32
0.004348 20
0.000388 34
0.984855 21
0.006788 41
0.475302 90
1.108295 43
0.004359 22
5.861485 41
0.403964 30
0.103637 30
0.003463 60
0.084573 18
0.005311 19
0.859099 6
0.004755 11
0.440774 35
0.107393 16
0.204332 16
0.140205 30
2.064020 28
0.004838 25
0.160798 32
22.303112 122
0.000026 1
0.001268 119
3.689802 28
0.005482 97
0.050560 1
1.212564 1
27.827600 1
2.259985 1
0.643815 1
0.160060 1
0.696568 1
0.183397 1
6.532458 1
2.219841 1
0.005975 11
0.314458 7
0.000109 3
0.000056 77
0.000007 81
0.000139 1
0.001421 11
0.766778 18
0.000142 3
0.000072 174
0.209401 3
0.000129 165
0.006112 42
0.000131 3
0.000060 174
1.777575 51
0.000215 3
0.000048 171
1.045634 42
0.000139 3
0.000095 174
0.622850 14
0.529339 53
0.000226 6
0.000074 193
0.000109 1
0.001740 47
0.810486 33
0.000177 3
0.000064 216
1.479961 3
0.000055 70
0.000077 114
0.005429 30
0.000339 8
0.000064 192
0.532109 14
0.274002 87
0.000213 6
0.000162 176
0.000109 1
0.001648 75
0.614483 32
0.000119 3
0.000097 198
0.923115 3
0.000085 189
0.002116 14
1.560193 28
0.005748 127
0.157698 1
0.812545 1
0.323520 1
0.196369 1
1.315858 1
0.579933 1
0.007423 11
0.209183 7
0.000299 6
0.000105 182
0.000104 1
0.001625 11
0.646991 18
0.000222 3
0.000104 198
0.160020 3
0.000046 72
0.000047 117
0.006598 42
0.000162 3
0.000055 198
2.293669 104
0.001256 6
0.001312 85
1.231520 16
0.531407 32
1.566267 15
0.601921 16
0.464300 19
0.300284 83
0.000276 6
0.000065 198
0.000095 1
0.001518 75
0.539405 32
0.000329 3
0.000225 220
0.231224 3
0.000052 70
0.000009 141
0.006408 52
0.000161 3
0.000092 217
1.910017 176
0.003260 7
0.005939 45
0.171579 1
1.240376 4
0.092617 6
0.006289 3
0.445255 1
0.080592 3
0.503709 7
0.000200 8
0.004933 6
0.000509 92
0.002983 104
0.000189 22
0.003871 27
0.022048 19
0.002396 307
0.000741 8
14.202066 1
0.006111 20
0.000373 54
0.032348 143
0.003295 27
0.937442 20
0.004199 20
0.000364 54
0.721748 30
1.105414 108
0.006245 53
0.542149 3
0.006175 12
0.493183 10
0.006082 14
0.025718 17
0.004667 16
0.029002 22
0.005012 18
0.029357 31
0.004942 20
0.027427 38
0.005636 22
0.024596 45
0.004412 24
0.041059 48
0.005705 22
0.025780 54
0.004963 23
0.035829 61
0.005468 25
0.226893 67
0.005187 26
0.451346 71
0.006057 11
0.000547 75
8.969207 380
0.005189 14
0.178919 1
0.071837 1
0.278508 39
0.000220 1
0.001448 44
1.171661 1
0.411744 1
0.123875 1
0.780237 1
3.288461 1
0.739921 3
1.043886 1
0.071467 1
0.224300 1
0.228294 1
1.379905 1
0.468041 1
0.006335 11
0.215436 33
1.154412 23
0.223963 19
0.143501 19
0.296106 19
0.171895 19
0.148008 19
0.840801 16
0.006875 14
0.148223 1
0.128423 1
0.139754 1
0.239635 1
0.440954 1
0.187441 1
2.716393 1
0.103204 1
0.196738 1
0.387702 1
0.135937 1
0.656121 1
0.836361 1
1.091687 1
0.006865 11
0.116923 16
0.007677 14
0.156425 1
0.135812 1
0.139867 1
0.212735 1
0.387991 1
0.268175 1
3.247602 1
0.107493 1
1.240418 1
0.143683 1
0.440361 1
0.139591 1
0.312629 1
0.831727 1
0.524248 1
1.028563 7
0.000213 8
0.006027 3
0.000521 69
0.003492 104
0.000198 22
0.004426 27
0.025631 19
0.001028 300
0.000129 7
0.000647 8
81.833003 1
0.006217 20
0.002387 44
0.062862 72
0.002799 27
0.002112 20
0.198120 25
0.002980 26
0.890567 27
0.004640 11
0.163478 16
0.171979 16
0.093067 32
5.052833 23
0.005737 15
0.003090 3
0.000401 22
0.000302 104
0.000120 38
0.004222 35
0.029652 29
0.002319 361
0.000133 7
0.000802 8
6.883258 1
0.005752 20
0.000354 88
0.748192 30
0.120949 22
0.000167 3
0.000412 878
0.000039 1
0.001351 31
1.469182 41
0.400996 33
0.000418 6
0.000011 195
0.000318 1
0.001349 42
0.561767 306
0.007942 57
0.596846 3
0.006809 12
0.496465 10
0.007010 14
0.032836 17
0.007504 16
0.021226 24
0.007243 18
0.022753 31
0.005738 20
0.040542 38
0.007117 22
0.021826 45
0.005789 24
0.023980 48
0.005402 22
0.025383 54
0.007073 23
0.025799 61
0.007000 25
0.025404 67
0.007186 26
0.029474 73
0.007277 27
0.024358 79
0.006153 28
0.025631 85
0.005828 29
0.033249 91
0.006722 30
0.025863 97
0.006178 31
0.022159 103
0.004965 32
0.031568 107
0.005984 33
0.021817 115
0.005754 34
0.024907 121
0.006577 35
0.031870 127
0.005687 36
0.021646 133
0.006417 37
0.023521 139
0.007514 38
0.023582 145
0.006077 39
0.025572 151
0.005063 40
0.025396 157
0.005132 41
0.025595 163
0.005103 42
0.024948 169
0.005713 43
0.024874 175
0.005982 44
0.025840 181
0.005315 45
0.026208 187
0.005010 46
0.024572 193
0.004278 47
0.032955 197
0.004976 48
0.028989 205
0.005397 49
0.025585 211
0.005437 50
0.029550 217
0.004587 51
0.028604 223
0.005228 52
0.027790 229
0.004489 53
0.028160 235
0.005278 54
0.028044 241
0.004705 55
0.024560 247
0.005490 56
0.030787 253
0.005225 57
0.027955 259
0.005272 58
0.026284 265
0.005001 59
0.029462 271
0.004322 60
0.025817 275
0.004769 61
0.027735 283
0.005065 62
0.271285 289
0.003880 63
1.092140 293
0.004722 11
0.910686 16
0.444115 16
0.004857 21
0.062911 1
0.212413 1
0.250801 53
0.000058 1
0.001435 44
0.868010 1
0.087452 1
0.427891 1
21.952434 7
0.000189 8
0.003342 6
0.000485 29
0.003432 104
0.000208 38
0.004282 35
0.021171 19
0.001199 361
0.000219 7
0.000846 8
3.092445 1
0.005543 20
0.000351 43
0.101658 82
0.005183 27
0.275245 25
0.004854 26
0.159312 1
1.395622 1
1.109448 1
1.018698 1
0.005469 11
1.086669 16
0.204699 14
0.000270 3
0.000163 668
0.000072 1
0.001459 17
0.885537 16
0.004986 21
0.403426 3
0.007170 17
0.107645 16
0.656194 16
0.200177 16
0.141815 32
21.354890 24
0.291166 19
0.006531 56
0.181354 5
0.156081 5
0.151904 5
0.271523 4
0.220799 3
0.005803 29
0.166348 19
1.391753 16
0.616168 16
0.314744 31
4.549363 23
0.832250 16
0.004658 18
0.971309 1
0.006591 11
0.841148 16
0.687767 16
0.068444 16
0.330993 32
1.015005 23
0.005953 7
0.000177 8
0.004878 6
0.000437 35
0.004056 104
0.000221 38
0.004071 35
0.023309 19
0.001099 361
0.000147 7
0.000582 8
2.665017 1
0.005402 12
0.000303 24
0.044065 18
0.230002 25
0.005257 26
0.000344 18
0.918465 27
0.091786 1
0.282176 22
0.001365 26
0.488900 3
0.327756 3
0.005610 18
0.886640 27
0.006133 11
0.425985 16
0.823926 16
0.107371 16
0.228073 16
0.282829 31
0.359591 23
0.005434 7
0.000230 8
0.004555 3
0.000375 35
0.003027 24
0.000574 104
0.000237 38
0.004192 35
0.026125 19
0.001183 361
0.000168 7
0.000669 8
3.715165 1
0.006246 77
0.089692 161
0.006232 22
1.329770 74
0.004328 57
0.169674 148
7.141590 1
0.005820 12
0.000462 37
0.196954 18
0.971696 25
0.004240 26
1.324250 48
0.004888 49
1.280190 16
0.170725 34
1.299123 23
0.005426 7
0.000131 8
0.004585 3
0.000443 42
0.002440 60
0.000520 104
0.000358 38
0.004615 35
0.026607 19
0.003156 368
0.000018 8
13.349977 1
0.003781 12
0.000318 34
0.077587 18
0.996919 25
0.003290 26
0.268736 6
0.207625 6
2.156817 1
0.257077 15
1.067676 5
0.004871 19
0.226270 4
1.207346 6
1.886405 6
0.006102 11
0.417115 16
1.948006 16
0.248488 21
0.000221 3
0.000064 165
0.000129 1
0.001662 23
2.054834 18
0.000149 3
0.000059 181
0.216147 3
0.000085 147
0.005268 43
0.000184 3
0.000071 160
0.207322 61
0.000198 3
0.000084 174
4.820936 14
0.418635 23
0.006264 15
0.002509 6
0.000490 26
0.003102 104
0.000174 38
0.003984 35
0.026312 19
0.001309 361
0.000130 7
0.000855 8
22.148235 1
0.007217 20
0.000392 57
0.067882 161
0.006533 22
0.208390 41
0.003315 38
0.096223 18
0.003575 19
2.426780 27
0.005492 11
2.210350 16
0.219583 16
1.512326 16
0.085134 28
0.000229 3
0.000096 129
0.000088 1
0.001551 29
1.217792 22
0.000137 3
0.000072 149
0.344684 3
0.000082 152
0.004942 49
0.000145 3
0.000063 146
0.331347 23
0.367637 7
0.004334 7
0.000188 8
0.003325 6
0.000577 27
0.002901 834
0.000397 104
0.000261 38
0.004202 35
0.024513 19
0.001201 361
0.000071 7
0.000713 8
9.639431 1
0.006109 20
0.000595 48
0.085207 107
0.004127 27
0.000397 36
0.377528 25
0.003146 26
2.447016 125
0.004750 11
4.918925 16
0.860340 16
0.478807 21
0.000253 3
0.002150 2221
0.000322 1
0.001549 23
1.089110 16
0.119840 28
0.000145 3
0.000073 128
0.000075 1
0.001191 29
0.694837 22
0.000119 3
0.000046 148
0.200725 3
0.000076 151
0.005949 197
1.635279 101
0.001377 6
0.004088 82
1.283702 1
0.006152 11
0.873504 16
0.424193 16
0.005988 21
0.701880 1
0.608132 1
0.119905 1
0.240602 1
0.055407 1
12.964707 7
0.000294 8
0.004702 6
0.000696 34
0.003603 104
0.000164 38
0.004226 35
0.023105 19
0.001301 334
0.000068 27
0.000227 7
0.000807 8
2.547934 1
0.005733 20
0.000302 56
0.092645 30
0.003286 27
1.213834 120
0.005494 106
0.326647 1
0.500293 1
0.030424 1
0.030274 1
0.029857 1
0.030277 1
0.030220 1
0.030549 1
0.031562 1
0.032682 1
0.553657 4
0.208494 74
0.006710 58
0.157335 58
0.136084 58
0.164089 58
0.151682 58
0.144298 58
0.155521 58
0.005549 23
0.131044 74
0.151957 71
0.007033 21
0.376574 58
0.005599 17
0.487411 71
0.006660 21
0.225326 3
0.000042 147
0.000094 1
0.980399 95
0.000191 71
0.000048 101
0.192023 3
0.000068 172
0.006503 214
2.624281 49
0.000279 3
0.000089 166
0.178944 45
0.000259 3
0.000080 166
0.167886 49
0.000316 3
0.000228 166
0.917476 45
0.000179 3
0.000072 166
0.129140 49
0.000235 3
0.000062 166
0.780518 45
0.000236 3
0.000186 166
2.628170 3
0.000066 164
0.479064 49
0.000203 3
0.000121 166
0.611417 45
0.000219 3
0.000074 166
1.403497 49
0.000244 3
0.000076 166
0.282399 3
0.000051 172
0.494484 45
0.000217 3
0.000097 166
0.822012 142
0.003527 20
0.006622 121
0.658891 58
0.503693 56
0.404473 71
0.006211 18
0.156900 4
0.501019 4
0.032958 4
0.030274 4
0.034238 4
0.032892 4
0.029889 4
0.032242 4
0.030976 4
0.312268 19
0.183627 19
0.140223 19
0.136278 19
0.075371 16
0.005846 35
0.907306 1
0.227237 1
0.387161 1
2.737616 7
0.000187 8
0.004349 6
0.000513 32
0.003730 104
0.000189 38
0.003972 35
0.024141 19
0.001345 361
0.000403 7
0.000706 8
2.199760 1
0.005935 20
0.000674 55
0.089112 149
0.006468 27
0.284028 41
0.003256 38
0.100803 18
0.003115 19
0.941163 6
0.003927 11
0.961236 73
0.004767 14
0.423400 1
0.144103 29
0.000011 1
0.001337 34
1.058801 3
0.143527 3
0.005600 34
0.824906 21
0.061848 14
0.000178 3
0.000113 675
0.000071 1
0.001233 17
1.210747 70
0.463348 16
0.133185 28
0.000270 6
0.000168 123
0.000131 1
0.001732 29
1.108845 16
0.217520 27
1.382569 15
0.006075 12
0.649590 3
1.692872 1
0.005860 11
1.337400 16
0.571768 16
0.640394 16
0.583799 16
0.203916 16
0.290703 26
0.580083 7
0.005676 15
0.004612 6
0.000409 34
0.002466 834
0.000109 834
0.000474 104
0.000204 38
0.003944 35
0.025778 19
0.001670 361
0.000746 7
0.000940 8
55.350875 1
0.004137 12
0.000373 40
0.081259 18
1.016074 25
0.003286 26
1.574801 71
0.005898 11
1.601703 16
0.536208 16
0.099942 21
0.000254 3
0.000137 140
0.000135 1
0.001744 23
0.650012 32
0.000216 3
0.000140 162
0.153090 3
0.000087 154
0.005306 198
0.202788 29
0.000161 3
0.000105 141
1.851330 23
0.736523 7
0.004691 7
0.000185 8
0.003598 6
0.000499 23
0.003017 104
0.000175 38
0.003798 35
0.025064 19
0.000553 361
0.000131 7
0.000683 8
3.380326 1
0.006291 20
0.000371 48
0.196373 107
0.003261 27
0.844838 25
0.003493 26
1.685229 1
0.005565 11
0.237487 16
1.412648 16
0.507654 16
0.107275 28
1.936927 15
0.005727 21
0.302181 16
1.499929 19
0.187803 8
0.179641 1
1.368734 16
0.005335 18
0.093810 1
0.006569 11
0.518733 7
0.000160 8
0.004542 3
0.000581 25
0.003582 104
0.000179 38
0.004194 35
0.024320 19
0.001206 361
0.000220 7
0.000778 8
0.980523 1
0.005514 12
0.000358 44
0.075093 18
0.588506 101
0.002129 7
0.000276 8
0.003735 3
0.000510 26
0.003908 73
0.000583 104
0.000375 38
0.005215 35
0.022272 19
0.001043 361
0.000191 7
0.000552 8
479.173235 1
0.007142 20
0.000424 127
0.070557 30
0.336188 41
0.428142 30
0.123580 30
0.003980 60
0.180310 18
0.003118 19
4.630356 44
0.247867 1
11.744108 1
2.672187 1
6.804182 1
0.091668 1
0.256034 1
0.195526 1
0.176312 1
0.488387 1
0.099322 1
0.184361 1
0.179736 1
0.180160 1
0.375788 1
0.139736 1
0.212535 1
0.192400 1
0.180011 1
7.915814 1
0.163856 1
0.219647 1
0.172381 1
0.199965 1
13.567253 1
0.216204 1
0.204251 1
0.171675 1
0.135778 1
0.163992 1
0.176041 1
0.164303 1
0.183936 1
0.180111 1
0.175929 1
2.792394 18
0.076656 19
0.675335 20
3.268766 22
4.630921 1
0.223966 1
0.253725 1
0.222162 1
0.200218 1
0.659326 1
0.499841 1
0.034522 1
0.030297 1
0.032594 1
0.037997 1
4.853095 4
0.500260 4
0.029755 4
0.036010 4
0.032676 4
0.039643 4
0.040953 4
0.033564 4
0.755210 4
0.335981 4
0.243881 4
0.365214 18
0.879484 19
1.359767 4
0.215320 4
0.172180 4
0.189390 4
0.234640 4
0.213243 14
0.707634 14
5.057456 4
0.307089 4
0.190712 4
0.191825 4
0.636123 4
0.549042 3
0.427956 5
0.167902 3
23.079318 1
0.500077 1
0.030092 1
0.030772 1
0.030195 1
0.031071 1
0.031105 1
0.030866 1
0.030854 1
0.031209 1
0.031620 1
0.029981 1
0.030946 1
0.328955 1
0.541000 22
1.408100 23
8.255030 1
1.016297 1
0.203622 1
3.719855 4
0.235807 4
0.204399 4
0.352667 24
0.055973 26
2.636148 1
0.499475 1
0.038077 1
0.042862 1
0.031729 1
0.391772 30
0.939897 29
22.811872 30
0.052211 29
0.463326 4
0.500325 4
0.029765 4
0.033996 4
0.315712 4
0.184596 22
1.108669 23
34.563708 7
0.000122 8
0.006405 5
0.000592 44
0.002852 104
0.000273 24
0.000056 14
0.004614 35
0.030498 19
0.001745 361
0.000204 7
0.000822 8
0.995711 1
0.005356 12
0.000326 24
0.080450 18
0.469687 25
0.004975 56
1.711308 95
0.005858 11
1.097927 16
0.004061 24
1.111861 7
0.000142 8
0.004058 3
0.001151 29
0.003646 17
0.000449 104
0.000292 38
0.004644 35
0.027134 19
0.001483 361
0.000274 7
0.000881 8
10.332466 1
0.005619 12
0.000523 30
0.059378 18
0.504964 21
0.001880 7
0.000148 8
0.003756 3
0.000711 26
0.002786 90
0.000480 104
0.000159 38
0.004625 35
0.026989 19
0.001125 361
0.000219 7
0.000679 8
2.377303 1
0.005890 20
0.000323 43
0.105698 82
0.579964 32
0.003803 43
0.139021 70
0.093906 1
0.003512 12
0.000333 37
0.854559 18
1.896331 54
0.084956 1
0.615488 3
0.500637 3
0.005646 12
0.023701 10
0.004849 14
0.027240 17
0.004044 16
0.027207 24
0.004696 18
0.037803 31
0.003319 20
0.201024 38
0.003708 17
0.000272 22
0.176006 61
0.005104 24
0.178987 53
0.004807 22
0.175240 55
0.004926 11
2.431513 16
0.005804 24
0.446284 7
0.000212 8
0.003396 3
0.000485 17
0.003826 104
0.000222 38
0.005499 35
0.030103 19
0.001397 334
0.000051 27
0.000203 7
0.000885 8
0.588534 5
0.004421 37
0.335878 33
0.415950 3
0.004769 12
0.530950 59
0.008234 45
0.911668 1
0.499566 1
0.046368 1
0.035420 1
0.033342 1
0.032586 1
0.033257 1
0.775652 1
0.502776 1
0.031913 1
0.213084 1
2.320455 1
0.500460 1
0.042691 1
0.208985 1
0.131775 1
0.560498 25
0.064690 24
0.418760 4
0.500335 4
0.036535 4
0.042735 4
0.560088 4
0.372681 20
0.071813 19
0.367592 4
0.284134 4
0.176331 4
0.195851 4
0.171848 4
0.477049 17
0.051837 15
8.072058 7
0.000174 8
0.006229 3
0.000557 44
0.003363 104
0.000266 38
0.004730 35
0.027697 387
0.000778 8
1.576197 1
0.006006 12
0.000357 24
0.063607 18
0.318078 25
0.005468 40
1.156920 6
0.005463 11
1.130688 21
0.005111 24
0.540426 7
0.000173 8
0.004463 3
0.000611 29
0.003227 29
0.000490 104
0.000243 38
0.004214 35
0.023639 19
0.001417 361
0.000148 7
0.000642 8
2.004617 1
0.005572 12
0.000334 30
0.056189 18
1.192343 25
0.004218 26
1.669445 13
0.005793 12
0.257925 18
0.007389 19
0.997104 7
0.000196 8
0.004430 3
0.000821 29
0.003453 23
0.000516 104
0.000210 38
0.004520 35
0.027385 19
0.001299 361
0.000231 7
0.000742 8
2.663803 1
0.005777 12
0.000301 30
0.031790 18
0.316232 25
0.004053 26
1.218015 13
0.140061 1
0.847704 3
0.139772 3
0.004957 14
0.503463 13
0.005461 12
0.134330 18
0.006423 17
0.361602 18
0.005663 19
0.286340 1
0.539956 3
0.728381 1
0.005722 12
2.718261 7
0.000179 8
0.004680 3
0.000491 31
0.003523 18
0.000622 104
0.000260 38
0.004260 35
0.025260 19
0.001185 361
0.000158 7
0.000618 8
1.658480 1
0.005340 12
0.000326 34
0.048659 18
0.500210 25
0.004258 26
3.293786 27
0.007628 24
0.273842 18
0.004964 19
0.196887 1
0.968660 1
0.007107 12
0.485029 7
0.000396 8
0.005103 3
0.000559 31
0.003390 11
0.000460 104
0.000216 38
0.003916 35
0.022842 19
0.001147 361
0.000271 7
0.000699 8
4.628308 1
0.005506 12
0.000547 34
0.068264 18
0.360123 25
0.003782 26
1.711094 27
0.006461 12
0.000560 16
0.110154 18
0.005823 17
0.116289 25
0.006708 17
0.401100 7
0.000309 8
0.005216 3
0.000700 30
0.002986 5
0.000603 104
0.000235 38
0.004382 35
0.026560 19
0.001459 361
0.000193 7
0.000718 8
33.832595 1
0.006734 20
0.000156 63
0.082643 30
0.256691 41
0.508159 30
0.103787 30
0.003451 60
1.068532 18
0.003318 19
0.354849 143
0.415398 1
0.005192 17
1.122521 19
0.004196 7
2.000255 1
1.052251 7
0.000182 8
0.003963 3
0.000705 23
0.003249 104
0.000213 38
0.003846 35
0.023329 19
0.001073 361
0.000161 7
0.000688 8
1.046241 1
0.005550 12
0.000307 32
0.071832 18
0.608445 28
0.002107 7
0.000268 8
0.003561 3
0.000592 26
0.003117 116
0.000551 104
0.000281 38
0.004977 35
0.026121 19
0.001401 361
0.000091 7
0.000720 8
2.413553 1
0.007023 20
0.000416 43
0.092514 82
0.900573 32
0.005103 43
0.152879 70
0.074496 1
0.003611 12
0.934107 8
0.142067 1
0.005443 42
0.280526 18
0.776021 25
0.003210 26
1.454757 13
0.767436 1
0.003790 17
0.728613 7
0.000175 8
0.003857 3
0.000490 17
0.003001 104
0.000222 38
0.004411 35
0.021135 19
0.001089 361
0.000104 7
0.000620 8
15.668707 1
0.008001 64
0.602016 30
1.000580 41
1.743942 30
0.067347 30
0.004761 60
0.639451 18
0.003571 19
0.439000 13
0.005174 12
0.142011 18
0.379418 1
0.180592 18
1.307542 4
0.908562 18
0.005503 19
0.334900 1
0.006619 12
0.169211 18
0.579141 1
0.308584 18
0.216278 18
0.224978 18
1.309879 4
0.529109 18
0.006919 19
0.273097 1
0.008075 12
0.143676 18
0.359226 1
0.276903 18
0.207838 18
0.187971 18
0.204244 18
0.203699 18
2.104661 7
0.000202 8
0.006643 3
0.000637 38
0.003072 104
0.000206 38
0.004550 35
0.027563 19
0.001426 361
0.000172 7
0.000774 8
0.979172 1
0.005770 12
0.000438 24
0.062748 18
0.422347 7
0.000077 8
0.003457 3
0.000399 26
0.002669 140
0.000464 104
0.000243 24
0.000025 14
0.004030 35
0.022669 19
0.001228 361
0.000166 7
0.000685 8
2.263829 1
0.003728 12
0.000409 30
0.105725 18
0.797235 18
0.716788 3
0.004579 12
0.151280 10
0.003753 14
0.748588 13
0.005207 12
1.234509 18
0.359153 1
0.317696 18
0.005124 17
0.218400 23
2.236032 23
7.072378 7
0.000243 8
0.004281 3
0.000582 20
0.002902 104
0.000201 38
0.004587 35
0.026710 19
0.001546 361
0.000159 7
0.000712 8
1.081838 1
0.005886 12
0.000415 24
0.079310 18
0.218048 7
0.000169 8
0.003615 3
0.000570 26
0.003436 135
0.000529 104
0.000214 38
0.004088 35
0.022984 19
0.001232 361
0.000147 7
0.000620 8
2.494095 1
0.005908 20
0.000403 43
0.081847 82
0.616016 41
0.004549 42
0.395515 1
0.155796 32
0.004282 43
0.138207 70
0.077262 1
0.004250 20
0.000384 43
0.990597 70
0.132641 1
0.006016 48
9.117111 18
1.392412 25
0.003394 26
0.580663 6
0.004527 12
0.136089 39
0.323348 1
2.468680 18
0.004694 17
0.423318 23
0.006497 12
2.954097 20
0.004679 17
10.650072 4
2.473433 23
0.005176 24
0.591236 7
0.000162 8
0.003949 3
0.000470 19
0.003334 104
0.000181 38
0.003833 35
0.027212 19
0.001299 361
0.000163 7
0.000927 8
0.753517 1
0.005226 12
0.000325 24
0.084695 18
0.221896 7
0.000208 8
0.003382 3
0.000516 26
0.003036 102
0.000442 104
0.000177 38
0.004147 35
0.027173 19
0.001430 361
0.000207 7
0.000745 8
26.674204 1
0.007082 20
0.001875 57
0.017504 30
0.769002 126
0.006728 156
0.342136 20
0.008168 12
0.502240 27
0.007919 14
0.028993 34
0.007646 16
0.025840 41
0.008005 18
0.025279 48
0.006880 20
0.023553 55
0.007095 22
0.024261 50
0.007038 24
0.025245 46
0.005126 22
0.033144 71
0.007050 23
0.026162 78
0.005495 25
0.022761 84
0.007252 26
0.023667 90
0.007685 27
0.030774 84
0.004717 28
0.025924 83
0.005285 29
0.030905 108
0.004981 30
0.024151 114
0.004240 31
0.032408 108
0.003807 32
0.026892 107
0.003178 33
0.627252 18
0.004120 19
1.085603 107
0.005306 11
0.000324 37
2.421657 152
0.004777 14
0.195009 1
0.647343 1
0.328914 3
0.832277 3
0.135518 3
0.260327 3
1.203917 3
0.155523 3
2.301285 7
0.000224 8
0.003986 3
0.000812 30
0.006649 104
0.000254 38
0.004741 35
0.029448 19
0.001154 361
0.000121 7
0.000750 8
1.083149 1
0.005568 12
0.000525 24
0.111624 18
0.238386 7
0.000172 8
0.003504 3
0.000578 26
0.003803 631
0.000488 104
0.000221 38
0.004142 35
0.025040 19
0.001061 361
0.000163 7
0.000608 8
5.984481 1
0.003678 12
0.000315 34
0.097516 18
2.808652 25
0.002992 26
1.221339 6
0.005595 12
0.151079 32
0.415608 1
0.356949 18
0.006091 17
2.708958 1
0.440055 4
0.363886 4
0.184686 25
0.006667 12
0.149422 20
0.005328 16
0.134981 29
0.004318 18
0.090966 27
0.004763 11
0.000403 12
1.255974 21
0.005097 14
0.186373 1
0.234630 1
0.657001 3
2.119803 3
0.136202 3
0.256112 3
0.463850 3
0.171974 3
1.232083 3
0.136321 3
0.095393 3
0.377222 7
0.000168 8
0.003447 3
0.000595 27
0.004375 104
0.000395 38
0.004195 35
0.023260 19
0.001279 361
0.000134 7
0.000615 8
0.849961 1
0.005976 12
0.000412 24
0.086528 18
0.205798 7
0.000173 8
0.004027 3
0.000528 26
0.003076 313
0.000031 58
0.000077 2
0.000479 104
0.000233 38
0.004057 35
0.025816 19
0.001448 334
0.000079 27
0.000226 7
0.000934 8
22.362122 2
0.004807 19
0.839380 32
0.539978 1
0.499075 1
0.034066 1
0.031921 1
0.036453 1
0.036292 1
0.030283 1
0.037190 1
0.033108 1
0.325949 16
0.097050 14
1.423474 7
0.000193 8
0.003324 3
0.000435 27
0.004137 104
0.000173 38
0.003797 35
0.022522 19
0.001122 361
0.000124 7
0.000786 8
1.055094 1
0.005207 12
0.000399 24
0.080462 18
0.249912 7
0.000197 8
0.003836 3
0.000564 26
0.003261 102
0.000596 104
0.000225 38
0.004130 35
0.025164 19
0.001353 361
0.000139 7
0.000637 8
7.595893 1
0.007467 20
0.000312 43
0.352220 82
0.003582 27
0.000277 14
0.174467 25
0.006168 42
0.163085 30
0.524382 32
0.004311 12
0.125736 30
0.003218 49
0.311040 7
0.000189 8
0.002708 3
0.000693 18
0.003598 64
0.574051 1
0.327986 1
1.223788 1
0.096095 1
0.416382 11
0.000081 6
