0.018034 16
0.000190 64
1.087605 1
0.339636 1
0.172019 1
0.667994 11
0.015651 299
0.174885 6
0.000283 29
0.001927 49
0.000271 163
0.001922 300
0.000141 7
0.000588 6
0.000132 8
0.387779 1
0.005700 20
0.000348 54
0.240869 143
0.005974 16
0.099760 41
0.196108 30
0.236175 30
0.003186 60
0.811044 7
0.000151 8
0.002533 3
0.000560 20
0.002692 11
0.000416 104
0.000280 22
0.003745 27
0.023557 315
0.469672 1
0.003877 12
0.000430 89
0.105660 18
1.013427 326
0.009116 132
5.882853 1
0.504265 1
0.030699 1
0.034112 1
0.034832 1
0.032259 1
0.041487 1
0.039038 1
0.032836 1
0.032088 1
0.034070 1
0.032757 1
0.033158 1
0.033205 1
0.034105 1
0.033091 1
0.033079 1
0.032899 1
0.033359 1
0.032815 1
0.033060 1
0.030204 1
0.035442 1
0.034195 1
0.033183 1
0.029916 1
0.031197 1
0.030628 1
0.032442 1
0.035533 1
0.031630 1
0.032844 1
0.031518 1
0.038994 1
0.034439 1
0.032019 1
0.037242 1
0.033029 1
0.030512 1
0.030536 1
0.033915 1
0.035591 1
0.031030 1
0.030901 1
0.035701 1
0.581317 5
1.254568 1
0.551039 4
0.193406 3
0.008935 12
0.491280 10
0.009878 14
0.029174 17
0.008722 16
0.021584 24
0.008568 18
0.026217 31
0.007582 20
0.022913 38
0.009830 22
0.020521 45
0.009164 24
0.028006 48
0.008427 22
0.025542 54
0.007300 23
0.028120 61
0.009617 25
0.027954 67
0.007334 26
0.029175 73
0.008445 27
0.020995 79
0.007387 28
0.034845 85
0.006987 29
0.024823 91
0.007887 30
0.020565 97
0.008249 31
0.026164 103
0.007987 32
0.024440 109
0.007563 33
0.030344 115
0.005601 34
0.026586 121
0.007342 35
0.023053 127
0.007484 36
0.023016 133
0.006709 37
0.023820 137
0.006578 38
0.028613 150
0.006290 39
0.024682 149
0.008764 40
0.020719 157
0.006402 41
0.024995 163
0.006466 42
0.023063 169
0.007610 43
0.022460 175
0.006503 44
0.025117 181
0.009718 45
0.020913 187
0.007966 46
0.023300 193
0.007676 47
0.022633 199
0.007478 48
0.024324 205
0.006534 49
0.022827 211
0.006919 50
0.024236 217
0.006217 51
0.027045 221
0.006078 52
0.027498 247
0.008023 53
0.024028 253
0.007777 55
0.029103 259
0.007332 57
0.023650 265
0.007026 59
0.023078 271
0.007021 61
0.027683 277
0.005824 63
0.030590 283
0.007881 65
0.020341 289
0.006900 67
0.026774 294
0.004475 69
0.026658 288
0.005769 70
0.024358 287
0.005596 71
0.023834 295
0.004608 72
0.040272 301
0.005752 73
0.344436 305
0.006702 74
0.523877 18
0.004964 19
0.328959 305
0.006373 12
0.000462 66
0.719992 266
0.007440 99
1.021204 7
0.000143 8
0.007229 3
0.000781 91
0.002796 46
0.000575 104
0.000250 22
0.004080 27
0.025490 19
0.001120 304
0.000221 7
0.000608 8
5.024179 1
0.006366 20
0.000368 38
0.033661 51
0.002754 27
0.000269 20
0.263365 25
0.003417 26
1.009384 24
0.003796 29
0.325338 7
0.000206 8
0.003574 3
0.000536 19
0.000382 104
0.000168 32
0.004353 32
0.024156 29
0.001329 358
0.000238 7
0.000669 8
1.299913 1
0.003700 12
0.000402 83
0.431460 308
0.011134 186
0.557453 7
0.000227 8
0.006484 3
0.000411 91
0.003055 104
0.000202 32
0.003889 32
0.025203 19
0.001069 358
0.000081 7
0.000553 8
1.218642 1
0.003829 12
0.000412 83
0.206142 18
0.220102 25
0.006153 42
0.414682 284
0.008942 294
2.264051 19
0.010150 12
0.488957 26
0.009068 14
0.021752 33
0.009204 16
0.021317 40
0.006778 18
0.027224 47
0.007094 20
0.022741 54
0.006819 22
0.030170 61
0.006651 24
0.024430 64
0.008673 22
0.023231 70
0.008917 23
0.022293 77
0.006306 25
0.021261 83
0.009833 26
0.022314 89
0.009362 27
0.023594 95
0.009366 28
0.020611 101
0.006900 29
0.022884 107
0.007238 30
0.022814 113
0.007093 31
0.023097 119
0.008029 32
0.022659 125
0.008113 33
0.022329 120
0.006172 34
0.025806 119
0.006570 35
0.023054 132
0.006107 36
0.025531 131
0.006412 37
0.025046 155
0.007458 38
0.023762 161
0.007302 39
0.023589 167
0.008196 40
0.022720 173
0.007766 41
0.023604 179
0.007511 42
0.027878 185
0.006069 43
0.023916 191
0.005895 44
0.024622 197
0.006268 45
0.026290 203
0.006880 46
0.034865 209
0.007925 47
0.023569 204
0.005304 48
0.030348 203
0.006043 49
0.026443 229
0.006153 50
0.024435 235
0.005552 52
0.023403 241
0.005494 54
0.024491 247
0.005257 56
0.027631 253
0.005556 58
0.025271 259
0.006414 60
0.027710 265
0.007215 62
0.031085 271
0.006595 64
0.027279 276
0.006630 66
0.024087 270
0.004505 67
0.031246 269
0.005423 68
0.846471 18
0.004750 19
0.136450 269
0.006031 72
0.650037 302
0.008159 156
0.612287 7
0.000232 8
0.007559 3
0.000614 91
0.003101 104
0.000177 32
0.004096 32
0.023248 19
0.001357 358
0.000151 7
0.000550 8
3.318893 1
0.005872 20
0.000380 65
0.056140 30
0.004815 27
0.619556 25
0.002479 26
0.598806 173
0.004211 11
0.143466 16
0.096548 16
0.519999 16
0.391979 16
0.004965 35
0.538522 1
0.004723 29
0.311618 16
0.004266 45
2.043474 18
0.004605 19
0.663264 1
0.005344 11
0.222717 16
0.092267 16
0.584165 16
1.427598 16
0.005439 35
0.310086 1
0.500795 1
0.036697 1
0.039075 1
0.035258 1
0.034157 1
0.032976 1
0.033457 1
0.032766 1
0.033032 1
0.034401 1
0.032756 1
0.035422 1
0.547830 4
1.299621 4
0.499702 4
0.030413 4
0.031210 4
0.030554 4
0.031246 4
0.035653 4
0.034938 4
0.047480 4
0.033948 4
0.035794 4
0.032548 4
0.160935 3
0.005773 29
0.494655 19
0.035863 19
0.044656 19
0.031330 8
0.034712 1
0.031561 8
0.003938 29
0.029989 19
0.031493 19
0.029825 19
0.039429 8
0.003757 43
0.030483 173
0.003669 44
0.027416 198
0.002916 20
0.000320 65
0.026377 196
1.523633 1
0.004317 20
0.000369 65
0.439620 209
0.006548 41
0.580214 41
0.108123 30
0.375746 30
0.002945 60
0.245209 18
0.003057 19
1.000581 6
0.004109 11
0.096535 44
0.000147 1
0.001398 53
0.606621 126
0.007812 51
0.564788 3
0.008331 29
0.000437 12
0.491308 26
0.007452 14
0.023162 33
0.006084 16
0.044686 40
0.008356 18
0.023678 36
0.006264 20
0.026897 36
0.006507 22
0.024518 50
0.005795 29
0.000327 24
0.023117 64
0.007630 22
0.021948 70
0.005331 23
0.024323 77
0.005330 25
0.026203 72
0.005311 26
0.034870 71
0.005074 27
0.026337 96
0.005798 20
0.000588 28
0.026350 94
0.004200 29
0.030035 89
0.004974 30
0.033131 97
0.005614 31
0.380416 103
0.004915 32
0.178612 107
0.005253 62
0.961609 113
0.001880 7
0.000196 8
0.003723 31
0.000751 25
0.003337 104
0.000369 32
0.004156 32
0.024683 19
0.001074 358
0.000125 7
0.000614 8
1.724660 1
0.005909 20
0.000358 43
0.117328 82
0.003752 27
0.000323 44
4.051559 174
0.005407 65
0.563157 19
0.006265 12
0.493779 26
0.005737 14
0.032089 33
0.004497 16
0.032530 40
0.005416 18
0.024964 47
0.005719 20
0.032235 54
0.007015 22
0.027787 61
0.006227 24
0.022274 64
0.004668 22
0.024868 70
0.005508 23
0.025281 77
0.005355 25
0.028133 72
0.003314 26
0.033436 71
0.004415 27
0.029975 79
0.004903 28
0.034958 85
0.004857 29
0.032813 91
0.003808 30
0.025651 97
0.004486 31
0.030107 103
0.004105 65
0.000395 32
0.027894 125
0.004518 33
0.028741 131
0.004215 34
0.028861 137
0.004143 35
0.026390 143
0.004500 36
0.026651 149
0.004711 37
0.026748 155
0.004426 38
0.026919 161
0.004035 39
0.026049 167
0.004444 40
0.024968 173
0.004026 41
0.030085 179
0.004233 42
0.029365 174
0.003570 43
1.357641 173
0.004999 12
2.778106 8
0.004025 43
1.948473 173
0.005341 11
0.158273 16
0.093187 16
1.999289 16
0.579919 16
0.005006 45
0.622988 18
0.004216 19
0.395601 1
0.132130 1
0.107439 1
4.552685 1
0.771810 1
0.005890 11
0.282765 10
0.005153 29
0.894065 16
0.111984 61
0.000141 1
0.001557 71
0.618417 7
0.000118 8
0.003531 3
0.000508 30
0.003016 104
0.000186 32
0.003538 32
0.023519 19
0.000165 358
0.000168 7
0.000725 8
1.456739 1
0.005642 12
0.000455 24
0.040186 18
0.353615 25
0.004353 26
0.000324 18
0.994069 6
0.004957 11
0.094293 21
0.056059 21
0.313048 34
0.579176 23
0.005492 7
0.000177 8
0.005716 34
0.002134 45
0.000460 104
0.000316 32
0.004435 32
0.025436 19
0.001715 358
0.000954 15
27.959814 359
3.987209 359
0.026329 359
0.211618 359
0.036299 359
0.444172 359
1.792163 359
160.247155 1
0.000393 3
0.000435 1
0.000400 1
0.000447 1
0.000414 2
0.000381 1
0.000413 1
0.000379 1
0.000426 1
0.000363 1
0.000387 1
0.000448 1
0.000387 1
0.000431 1
0.000388 1
0.000386 1
0.000418 1
0.000475 1
0.000517 1
0.000409 1
0.000430 1
0.000372 1
0.000555 1
0.000407 1
0.000410 1
0.000765 1
0.000471 1
0.000394 1
0.000414 1
0.000422 1
0.000675 1
0.000411 1
0.000387 1
0.000468 1
0.000387 1
0.000425 1
0.000395 1
0.000376 1
0.000421 1
0.000391 1
0.000486 1
0.000409 1
0.000735 1
0.000395 1
0.000441 1
0.000390 1
0.000415 1
0.000645 1
0.000216 266
2.203778 315
0.007491 47
0.612704 8
1.208315 1
1.452755 1
0.083135 1
0.132592 1
0.945353 16
0.182047 1
0.340543 3
0.179810 3
0.061594 1
17.474160 1
1.447526 4
0.840919 1
4.183917 1
0.188110 1
0.872005 1
0.908447 1
0.163390 1
0.284033 1
0.932080 1
0.776166 1
0.127879 1
0.323017 1
0.425180 3
1.815353 3
0.140684 3
0.235826 3
6.688342 7
0.000227 8
0.003877 5
0.000725 82
0.003280 83
0.000047 475
0.000007 9
0.000039 327
0.000043 226
0.000018 195
0.000019 29
0.000008 112
0.000008 7
0.000020 217
0.000035 112
0.000009 224
0.000049 231
0.000010 217
0.000138 531
0.000024 672
0.000009 112
0.000074 448
0.000015 336
0.000048 336
0.000049 336
0.000033 253
0.000006 112
0.000023 224
0.000064 336
0.000008 224
0.000029 119
0.000011 105
0.000095 531
0.000012 365
0.000027 119
0.000028 412
0.000068 560
0.000014 29
0.000006 195
0.000024 141
0.000007 112
0.000032 112
0.000030 446
0.000037 121
0.000029 329
0.000025 195
0.000028 251
0.000005 114
0.000029 112
0.000020 224
0.000058 343
0.000008 300
0.000052 372
0.000051 448
0.000006 76
0.000031 251
0.000085 2
0.000037 112
0.000085 112
0.000055 224
0.000075 560
0.000024 110
0.000020 2
0.000005 112
0.000580 104
0.000228 32
0.004336 32
0.024911 19
0.001095 362
0.000123 7
0.000636 8
14.384866 67
0.004342 45
0.276069 1
0.503817 1
0.036715 1
0.031048 1
0.042728 1
0.030402 1
0.033637 1
0.036401 1
0.030933 1
0.033469 1
0.034012 1
0.035148 1
0.032934 1
0.034542 1
0.032963 1
0.032864 1
0.032912 1
0.033117 1
0.032918 1
0.032291 1
0.033937 1
0.032906 1
0.031947 1
0.034304 1
0.031836 1
0.032881 1
0.034479 1
0.032865 1
0.031867 1
0.033976 1
0.033261 1
0.033130 1
0.032869 1
0.031617 1
0.034431 1
0.033606 1
0.033355 1
0.030881 1
0.031000 1
0.030543 1
0.039637 1
0.031122 1
0.030992 1
0.030096 1
0.030454 1
0.028879 1
0.029983 1
0.030806 1
0.045349 1
0.030119 1
0.030563 1
0.031251 1
0.034676 1
0.035498 1
0.030523 1
0.030987 1
0.038129 1
0.041064 1
0.030956 1
0.229198 1
0.179038 1
0.164348 1
0.459612 1
0.312271 4
0.784077 85
0.004501 19
0.171623 68
0.503899 59
0.476346 67
0.005023 16
0.874950 7
0.000249 8
0.004756 7
0.000482 85
0.010910 104
0.000192 32
0.004403 32
0.023743 19
0.001198 358
0.000114 7
0.000596 8
5.873809 1
0.006165 20
0.000363 49
0.095402 30
2.964893 78
0.004230 53
1.003996 3
0.005278 12
0.495542 10
0.005598 14
0.035337 17
0.004767 16
0.024981 24
0.004371 18
0.025981 31
0.004490 20
0.033612 38
0.003908 22
0.027406 45
0.003726 24
0.027478 48
0.003675 22
0.174494 54
0.004147 23
2.248962 58
0.005229 11
0.121052 16
0.288105 36
1.608538 28
0.008904 25
0.311121 16
0.303480 16
1.748461 16
0.087426 16
0.535162 106
0.004632 115
2.892797 16
0.006070 137
0.113696 1
0.339095 1
0.588813 3
0.771714 3
0.131753 3
0.228253 3
0.744003 4
0.648318 1
0.903991 1
0.091712 1
0.264393 1
0.079442 1
1.488808 1
0.127744 1
0.283110 1
0.224637 3
2.127577 4
0.820516 3
0.191885 3
3.248363 3
0.315247 1
0.183623 1
0.172536 1
0.167666 1
0.388523 11
0.712403 9
0.351237 4
0.167712 4
0.164057 4
0.191991 4
0.692825 1
0.535837 1
0.155851 1
0.116028 1
0.784763 1
0.227153 1
0.099503 1
0.240358 1
0.171832 1
2.943760 4
0.500775 4
0.029877 4
0.030238 4
1.172338 7
0.000159 8
0.003716 3
0.000551 57
0.003102 104
0.000232 32
0.004117 32
0.021942 19
0.002367 373
2.574861 42
0.003918 45
0.659930 1
0.500107 1
0.033879 1
0.030261 1
0.029813 1
0.030691 1
0.029388 1
0.030133 1
0.031817 1
0.030560 1
0.413583 4
0.219889 4
2.408294 13
1.028057 14
7.420092 13
0.797257 78
0.000533 3
0.000686 1
0.000856 1
0.000439 1
0.000460 1
0.000431 1
0.000483 1
0.000604 1
0.001092 1
0.000783 1
0.002435 3
0.001846 1
0.000490 76
1.845835 95
0.003189 13
0.004773 45
2.370514 7
0.000253 8
0.003642 3
0.000888 74
0.004073 104
0.000223 32
0.004731 32
0.023600 19
0.001786 373
25.888124 59
0.003930 45
0.470738 1
0.500701 1
0.032997 1
0.138918 1
0.188088 1
0.151877 1
0.148106 1
0.164088 1
0.465508 94
0.000606 3
0.000539 1
0.000590 1
0.000584 1
0.000534 1
0.000566 1
0.000535 1
0.000550 1
0.000531 1
0.001264 1
0.000483 1
0.000485 1
0.000397 1
0.000393 1
0.002086 1
0.000468 100
2.147064 101
0.002952 17
0.004972 45
4.922297 7
0.000196 8
0.003411 7
0.000501 91
0.006652 104
0.000420 32
0.004233 32
0.027077 19
0.001189 358
0.000169 7
0.000623 8
712.354757 79
0.004713 50
1.047247 44
1.036962 1
0.004010 12
0.000413 89
0.213662 18
0.103935 25
0.007317 38
1.276774 21
0.006132 53
1.501575 18
0.004854 19
0.131168 6
0.385833 299
0.824491 1
0.495704 1
0.007531 12
0.128125 18
0.439482 1
0.648873 18
0.279991 18
0.144257 18
0.047342 18
1.411855 4
0.256703 18
0.006990 19
0.700608 1
0.007815 11
0.103920 16
0.222661 36
1.648439 23
0.008286 7
0.000238 8
0.007323 5
0.000495 91
0.003716 202
0.000181 107
0.001939 119
0.002517 104
0.000213 32
0.004165 32
0.023473 19
0.001148 358
0.000149 7
0.000566 8
31.542024 25
0.007880 135
0.352501 1
0.500130 1
0.030059 1
0.029733 1
0.029864 1
0.030195 1
0.030025 1
0.030879 1
0.030028 1
0.032163 1
0.031197 1
0.033992 1
0.035034 1
0.032802 1
0.031630 1
0.035869 1
0.031102 1
0.031336 1
0.786820 114
0.776128 7
0.000231 8
0.007515 3
0.000553 91
0.003188 262
0.000217 137
0.001206 149
0.001882 104
0.000194 32
0.003579 32
0.022777 19
0.001384 358
0.000015 7
0.002750 8
89.354334 1
0.006539 20
191.215392 12
1.349561 2
0.006101 21
0.242163 32
0.079623 44
0.744384 45
0.147756 33
0.147217 12
0.628973 1
0.006196 20
0.337756 30
0.592279 32
0.165950 12
0.677626 1
0.003866 12
0.002628 52
0.164279 18
0.059598 25
0.005877 38
0.316285 158
0.006337 73
1.121722 32
0.003841 50
0.000366 38
0.210092 21
0.006471 53
0.161641 18
0.006031 19
32.079472 131
0.006858 78
0.137258 275
0.242983 1
3.129387 18
3.567370 18
0.212132 18
0.251597 18
0.952178 20
0.168262 20
0.643227 18
0.136433 18
0.155888 18
0.251820 1
0.151509 1
2.292639 32
0.984593 32
0.163874 32
0.268003 32
0.115657 32
0.255728 32
1.172477 32
2.731054 4
0.216064 4
0.296319 4
0.432483 18
0.008002 19
0.153428 3
0.000042 193
0.000119 1
0.756794 20
0.000138 3
0.000081 218
1.091161 3
0.000097 181
0.006726 23
0.389441 7
0.007768 7
0.000238 8
0.006230 6
0.000744 91
0.003408 104
0.000264 32
0.004785 32
0.024769 19
0.001343 362
0.000124 7
0.000569 8
18.239099 31
0.006957 185
4.956855 1
0.499949 1
0.033860 1
0.029672 1
0.035388 1
0.036214 1
0.036621 1
0.038577 1
0.034225 1
2.411908 1
0.500512 1
0.043426 1
0.029573 1
0.246036 1
0.187947 1
0.184526 1
0.364815 107
0.155499 107
0.152145 107
0.139760 107
0.128546 107
0.075933 106
0.876129 106
0.271485 106
0.104443 106
0.239792 106
0.239892 7
0.000162 8
0.005905 3
0.000601 91
0.002933 396
0.000498 104
0.000222 32
0.004184 32
0.021234 19
0.001897 358
0.001071 15
19.180504 31
0.007347 185
0.800280 40
1.589954 7
0.000204 8
0.006485 8
0.000694 91
0.002802 122
0.000458 104
0.000187 32
0.003952 32
0.024257 19
0.001173 358
0.000167 7
0.000653 8
168.633609 31
0.007902 185
0.380230 1
0.500914 1
0.029303 1
0.044738 1
0.033580 1
0.029750 1
0.030786 1
0.043459 1
0.032400 1
0.199026 1
0.179738 1
0.160681 1
0.143839 1
2.660480 88
2.996272 88
7.211944 7
0.000140 8
0.006063 3
0.000713 91
0.003559 104
0.000379 32
0.004409 32
0.032296 19
0.001170 362
0.000138 7
0.000548 8
3.531071 1
0.005558 20
0.000522 42
0.022771 65
0.005499 33
0.299356 41
0.003075 38
0.100554 18
0.002969 19
0.778480 96
0.448664 3
0.005045 12
0.494130 10
0.004223 14
0.030773 17
0.004035 16
0.022055 24
0.003773 18
0.024726 31
0.004813 65
0.000348 20
0.185838 54
0.005111 22
0.893781 21
0.151104 35
0.001979 7
0.000206 8
0.003658 3
0.000473 28
0.002162 203
0.000415 104
0.000275 32
0.004927 32
0.025976 19
0.001317 358
0.000150 7
0.000874 8
3.259165 15
0.004324 89
0.575381 1
0.502898 1
0.045791 1
0.031395 1
0.035838 1
0.033039 1
0.031971 1
0.227021 9
0.004466 75
0.871774 15
0.004884 65
1.403101 5
0.004872 75
0.199036 15
0.005539 65
0.451536 19
0.005600 12
0.499683 26
0.005092 14
0.024218 33
0.004408 16
0.027606 40
0.004444 18
0.028036 47
0.003090 20
0.029656 54
0.003203 22
0.025332 61
0.005058 24
0.026364 64
0.004791 22
0.030345 70
0.004616 23
0.025905 77
0.006328 25
0.024202 72
0.003112 26
0.045326 71
0.003407 27
0.027613 103
0.004937 31
0.000383 28
0.026428 114
0.004737 49
0.038390 100
0.789896 1
0.003959 12
0.000335 59
0.762659 204
0.007547 197
15.568715 1
0.498879 1
0.029670 1
0.034946 1
0.032967 1
0.033891 1
0.042193 1
0.039314 1
0.030902 1
0.033698 1
0.030888 1
0.035305 1
0.030591 1
0.031409 1
0.031079 1
0.030403 1
0.030772 1
0.038230 1
0.039883 1
0.034117 1
0.029864 1
0.034779 1
0.029803 1
0.030883 1
0.034739 1
0.031407 1
0.040803 1
0.210317 1
1.148270 178
1.160161 178
0.571953 179
0.667064 178
0.636770 178
0.444573 7
0.000197 8
0.007038 3
0.001025 91
0.002934 58
0.000459 104
0.000198 32
0.003826 32
0.025809 19
0.001477 358
0.000393 7
0.001275 8
5.362548 36
0.008069 200
0.489084 1
0.500734 1
0.042611 1
0.035388 1
0.034655 1
0.031873 1
0.034253 1
0.030499 1
0.035710 1
0.030475 1
0.030309 1
0.031027 1
0.038936 1
0.032130 1
0.030920 1
0.035790 1
0.030545 1
0.034926 1
0.467262 119
0.167047 119
0.147939 119
0.144345 119
0.427863 119
1.076315 118
0.135599 118
0.496248 118
0.121204 118
0.146752 118
0.704154 119
0.159618 119
0.143661 119
0.128613 119
0.139881 119
1.408129 118
0.667996 119
0.236131 118
0.135372 118
0.280437 118
0.083275 118
0.340767 118
0.777019 15
0.007084 3
0.000502 91
0.003370 104
0.000211 32
0.003609 32
0.023180 19
0.001074 362
0.000124 7
0.000561 8
34.966722 36
0.007771 200
0.524352 40
0.981080 7
0.000174 8
0.007222 8
0.000815 91
0.002589 58
0.000563 104
0.000239 32
0.004219 32
0.027146 19
0.001435 331
0.000012 27
0.000177 7
0.000692 8
0.689270 36
0.007252 200
1.820708 211
0.004539 105
0.491510 115
0.007776 225
1.245412 7
0.000185 8
0.006605 3
0.000420 91
0.003138 50
0.000513 104
0.000321 32
0.003901 32
0.024100 19
0.001238 358
0.000215 7
0.000611 8
2.634563 1
0.006014 20
0.000443 36
0.271910 30
0.003351 27
0.208618 25
0.006516 42
0.145366 30
0.005946 49
0.528081 7
0.000159 8
0.002416 3
0.000550 18
0.003475 64
0.311062 1
0.315419 1
1.012233 1
0.151511 1
0.340324 11
0.000052 6
